VARIABLES = "CoordinateX", "CoordinateY", "CoordinateZ"
Zone T="FFD_vol0" I=10 J=2 K=2
DATAPACKING=POINT
1.000000 -0.014724 0.000000 
0.973716 0.102430 0.000000 
0.899672 0.196155 0.000000 
0.763006 0.302974 0.000000 
0.615441 0.336089 0.000000 
0.384559 0.336089 0.000000 
0.236994 0.302974 0.000000 
0.100328 0.196155 0.000000 
0.026284 0.102430 0.000000 
0.000000 -0.014724 0.000000 
1.000000 -0.024724 0.000000 
0.962798 0.004547 0.000000 
0.913486 0.046855 0.000000 
0.797974 0.146156 0.000000 
0.643930 0.204568 0.000000 
0.356070 0.204568 0.000000 
0.202026 0.146156 0.000000 
0.086514 0.046855 0.000000 
0.037202 0.004547 0.000000 
0.000000 -0.024724 0.000000 
1.000000 -0.014724 0.100000 
0.973716 0.102430 0.100000 
0.899672 0.196155 0.100000 
0.763006 0.302974 0.100000 
0.615441 0.336089 0.100000 
0.384559 0.336089 0.100000 
0.236994 0.302974 0.100000 
0.100328 0.196155 0.100000 
0.026284 0.102430 0.100000 
0.000000 -0.014724 0.100000 
1.000000 -0.024724 0.100000 
0.962798 0.004547 0.100000 
0.913486 0.046855 0.100000 
0.797974 0.146156 0.100000 
0.643930 0.204568 0.100000 
0.356070 0.204568 0.100000 
0.202026 0.146156 0.100000 
0.086514 0.046855 0.100000 
0.037202 0.004547 0.100000 
0.000000 -0.024724 0.100000 
Zone T="embedding_vol" I=28 J=4 K=4
DATAPACKING=POINT
1.000000 -0.014724 0.000000 
0.990850 0.021813 0.000000 
0.980958 0.053675 0.000000 
0.970376 0.081395 0.000000 
0.947360 0.126536 0.000000 
0.922228 0.161494 0.000000 
0.895405 0.190527 0.000000 
0.852785 0.229639 0.000000 
0.807865 0.263519 0.000000 
0.761190 0.290690 0.000000 
0.712765 0.310168 0.000000 
0.660448 0.322960 0.000000 
0.601555 0.330570 0.000000 
0.534880 0.334249 0.000000 
0.465120 0.334249 0.000000 
0.398445 0.330570 0.000000 
0.339552 0.322960 0.000000 
0.287235 0.310168 0.000000 
0.238810 0.290690 0.000000 
0.192135 0.263519 0.000000 
0.147215 0.229639 0.000000 
0.104595 0.190527 0.000000 
0.077772 0.161494 0.000000 
0.052640 0.126536 0.000000 
0.029624 0.081395 0.000000 
0.019042 0.053675 0.000000 
0.009150 0.021813 0.000000 
0.000000 -0.014724 0.000000 
1.000000 -0.018057 0.000000 
0.989912 0.009459 0.000000 
0.979586 0.033697 0.000000 
0.969004 0.055051 0.000000 
0.946999 0.090678 0.000000 
0.923753 0.119487 0.000000 
0.899124 0.144627 0.000000 
0.859421 0.180250 0.000000 
0.816683 0.212765 0.000000 
0.771310 0.240240 0.000000 
0.723143 0.261194 0.000000 
0.669776 0.275960 0.000000 
0.608246 0.285324 0.000000 
0.537318 0.289940 0.000000 
0.462682 0.289940 0.000000 
0.391754 0.285324 0.000000 
0.330224 0.275960 0.000000 
0.276857 0.261194 0.000000 
0.228690 0.240240 0.000000 
0.183317 0.212765 0.000000 
0.140579 0.180250 0.000000 
0.100876 0.144627 0.000000 
0.076247 0.119487 0.000000 
0.053001 0.090678 0.000000 
0.030996 0.055051 0.000000 
0.020414 0.033697 0.000000 
0.010088 0.009459 0.000000 
0.000000 -0.018057 0.000000 
1.000000 -0.021391 0.000000 
0.988975 -0.002894 0.000000 
0.978215 0.013720 0.000000 
0.967632 0.028707 0.000000 
0.946637 0.054820 0.000000 
0.925278 0.077481 0.000000 
0.902843 0.098728 0.000000 
0.866057 0.130861 0.000000 
0.825501 0.162012 0.000000 
0.781431 0.189791 0.000000 
0.733520 0.212221 0.000000 
0.679104 0.228960 0.000000 
0.614937 0.240078 0.000000 
0.539756 0.245632 0.000000 
0.460244 0.245632 0.000000 
0.385063 0.240078 0.000000 
0.320896 0.228960 0.000000 
0.266480 0.212221 0.000000 
0.218569 0.189791 0.000000 
0.174499 0.162012 0.000000 
0.133943 0.130861 0.000000 
0.097157 0.098728 0.000000 
0.074722 0.077481 0.000000 
0.053363 0.054820 0.000000 
0.032368 0.028707 0.000000 
0.021785 0.013720 0.000000 
0.011025 -0.002894 0.000000 
0.000000 -0.021391 0.000000 
1.000000 -0.024724 0.000000 
0.988037 -0.015248 0.000000 
0.976844 -0.006258 0.000000 
0.966259 0.002363 0.000000 
0.946275 0.018961 0.000000 
0.926804 0.035474 0.000000 
0.906562 0.052828 0.000000 
0.872693 0.081473 0.000000 
0.834319 0.111258 0.000000 
0.791552 0.139341 0.000000 
0.743897 0.163247 0.000000 
0.688432 0.181961 0.000000 
0.621627 0.194833 0.000000 
0.542195 0.201323 0.000000 
0.457805 0.201323 0.000000 
0.378373 0.194833 0.000000 
0.311568 0.181961 0.000000 
0.256103 0.163247 0.000000 
0.208448 0.139341 0.000000 
0.165681 0.111258 0.000000 
0.127307 0.081473 0.000000 
0.093438 0.052828 0.000000 
0.073196 0.035474 0.000000 
0.053725 0.018961 0.000000 
0.033741 0.002363 0.000000 
0.023156 -0.006258 0.000000 
0.011963 -0.015248 0.000000 
0.000000 -0.024724 0.000000 
1.000000 -0.014724 0.033333 
0.990850 0.021813 0.033333 
0.980958 0.053675 0.033333 
0.970376 0.081395 0.033333 
0.947360 0.126536 0.033333 
0.922228 0.161494 0.033333 
0.895405 0.190527 0.033333 
0.852785 0.229639 0.033333 
0.807865 0.263519 0.033333 
0.761190 0.290690 0.033333 
0.712765 0.310168 0.033333 
0.660448 0.322960 0.033333 
0.601555 0.330570 0.033333 
0.534880 0.334249 0.033333 
0.465120 0.334249 0.033333 
0.398445 0.330570 0.033333 
0.339552 0.322960 0.033333 
0.287235 0.310168 0.033333 
0.238810 0.290690 0.033333 
0.192135 0.263519 0.033333 
0.147215 0.229639 0.033333 
0.104595 0.190527 0.033333 
0.077772 0.161494 0.033333 
0.052640 0.126536 0.033333 
0.029624 0.081395 0.033333 
0.019042 0.053675 0.033333 
0.009150 0.021813 0.033333 
0.000000 -0.014724 0.033333 
1.000000 -0.018057 0.033333 
0.989912 0.009459 0.033333 
0.979586 0.033697 0.033333 
0.969004 0.055051 0.033333 
0.946999 0.090678 0.033333 
0.923753 0.119487 0.033333 
0.899124 0.144627 0.033333 
0.859421 0.180250 0.033333 
0.816683 0.212765 0.033333 
0.771310 0.240240 0.033333 
0.723143 0.261194 0.033333 
0.669776 0.275960 0.033333 
0.608246 0.285324 0.033333 
0.537318 0.289940 0.033333 
0.462682 0.289940 0.033333 
0.391754 0.285324 0.033333 
0.330224 0.275960 0.033333 
0.276857 0.261194 0.033333 
0.228690 0.240240 0.033333 
0.183317 0.212765 0.033333 
0.140579 0.180250 0.033333 
0.100876 0.144627 0.033333 
0.076247 0.119487 0.033333 
0.053001 0.090678 0.033333 
0.030996 0.055051 0.033333 
0.020414 0.033697 0.033333 
0.010088 0.009459 0.033333 
0.000000 -0.018057 0.033333 
1.000000 -0.021391 0.033333 
0.988975 -0.002894 0.033333 
0.978215 0.013720 0.033333 
0.967632 0.028707 0.033333 
0.946637 0.054820 0.033333 
0.925278 0.077481 0.033333 
0.902843 0.098728 0.033333 
0.866057 0.130861 0.033333 
0.825501 0.162012 0.033333 
0.781431 0.189791 0.033333 
0.733520 0.212221 0.033333 
0.679104 0.228960 0.033333 
0.614937 0.240078 0.033333 
0.539756 0.245632 0.033333 
0.460244 0.245632 0.033333 
0.385063 0.240078 0.033333 
0.320896 0.228960 0.033333 
0.266480 0.212221 0.033333 
0.218569 0.189791 0.033333 
0.174499 0.162012 0.033333 
0.133943 0.130861 0.033333 
0.097157 0.098728 0.033333 
0.074722 0.077481 0.033333 
0.053363 0.054820 0.033333 
0.032368 0.028707 0.033333 
0.021785 0.013720 0.033333 
0.011025 -0.002894 0.033333 
0.000000 -0.021391 0.033333 
1.000000 -0.024724 0.033333 
0.988037 -0.015248 0.033333 
0.976844 -0.006258 0.033333 
0.966259 0.002363 0.033333 
0.946275 0.018961 0.033333 
0.926804 0.035474 0.033333 
0.906562 0.052828 0.033333 
0.872693 0.081473 0.033333 
0.834319 0.111258 0.033333 
0.791552 0.139341 0.033333 
0.743897 0.163247 0.033333 
0.688432 0.181961 0.033333 
0.621627 0.194833 0.033333 
0.542195 0.201323 0.033333 
0.457805 0.201323 0.033333 
0.378373 0.194833 0.033333 
0.311568 0.181961 0.033333 
0.256103 0.163247 0.033333 
0.208448 0.139341 0.033333 
0.165681 0.111258 0.033333 
0.127307 0.081473 0.033333 
0.093438 0.052828 0.033333 
0.073196 0.035474 0.033333 
0.053725 0.018961 0.033333 
0.033741 0.002363 0.033333 
0.023156 -0.006258 0.033333 
0.011963 -0.015248 0.033333 
0.000000 -0.024724 0.033333 
1.000000 -0.014724 0.066667 
0.990850 0.021813 0.066667 
0.980958 0.053675 0.066667 
0.970376 0.081395 0.066667 
0.947360 0.126536 0.066667 
0.922228 0.161494 0.066667 
0.895405 0.190527 0.066667 
0.852785 0.229639 0.066667 
0.807865 0.263519 0.066667 
0.761190 0.290690 0.066667 
0.712765 0.310168 0.066667 
0.660448 0.322960 0.066667 
0.601555 0.330570 0.066667 
0.534880 0.334249 0.066667 
0.465120 0.334249 0.066667 
0.398445 0.330570 0.066667 
0.339552 0.322960 0.066667 
0.287235 0.310168 0.066667 
0.238810 0.290690 0.066667 
0.192135 0.263519 0.066667 
0.147215 0.229639 0.066667 
0.104595 0.190527 0.066667 
0.077772 0.161494 0.066667 
0.052640 0.126536 0.066667 
0.029624 0.081395 0.066667 
0.019042 0.053675 0.066667 
0.009150 0.021813 0.066667 
0.000000 -0.014724 0.066667 
1.000000 -0.018057 0.066667 
0.989912 0.009459 0.066667 
0.979586 0.033697 0.066667 
0.969004 0.055051 0.066667 
0.946999 0.090678 0.066667 
0.923753 0.119487 0.066667 
0.899124 0.144627 0.066667 
0.859421 0.180250 0.066667 
0.816683 0.212765 0.066667 
0.771310 0.240240 0.066667 
0.723143 0.261194 0.066667 
0.669776 0.275960 0.066667 
0.608246 0.285324 0.066667 
0.537318 0.289940 0.066667 
0.462682 0.289940 0.066667 
0.391754 0.285324 0.066667 
0.330224 0.275960 0.066667 
0.276857 0.261194 0.066667 
0.228690 0.240240 0.066667 
0.183317 0.212765 0.066667 
0.140579 0.180250 0.066667 
0.100876 0.144627 0.066667 
0.076247 0.119487 0.066667 
0.053001 0.090678 0.066667 
0.030996 0.055051 0.066667 
0.020414 0.033697 0.066667 
0.010088 0.009459 0.066667 
0.000000 -0.018057 0.066667 
1.000000 -0.021391 0.066667 
0.988975 -0.002894 0.066667 
0.978215 0.013720 0.066667 
0.967632 0.028707 0.066667 
0.946637 0.054820 0.066667 
0.925278 0.077481 0.066667 
0.902843 0.098728 0.066667 
0.866057 0.130861 0.066667 
0.825501 0.162012 0.066667 
0.781431 0.189791 0.066667 
0.733520 0.212221 0.066667 
0.679104 0.228960 0.066667 
0.614937 0.240078 0.066667 
0.539756 0.245632 0.066667 
0.460244 0.245632 0.066667 
0.385063 0.240078 0.066667 
0.320896 0.228960 0.066667 
0.266480 0.212221 0.066667 
0.218569 0.189791 0.066667 
0.174499 0.162012 0.066667 
0.133943 0.130861 0.066667 
0.097157 0.098728 0.066667 
0.074722 0.077481 0.066667 
0.053363 0.054820 0.066667 
0.032368 0.028707 0.066667 
0.021785 0.013720 0.066667 
0.011025 -0.002894 0.066667 
0.000000 -0.021391 0.066667 
1.000000 -0.024724 0.066667 
0.988037 -0.015248 0.066667 
0.976844 -0.006258 0.066667 
0.966259 0.002363 0.066667 
0.946275 0.018961 0.066667 
0.926804 0.035474 0.066667 
0.906562 0.052828 0.066667 
0.872693 0.081473 0.066667 
0.834319 0.111258 0.066667 
0.791552 0.139341 0.066667 
0.743897 0.163247 0.066667 
0.688432 0.181961 0.066667 
0.621627 0.194833 0.066667 
0.542195 0.201323 0.066667 
0.457805 0.201323 0.066667 
0.378373 0.194833 0.066667 
0.311568 0.181961 0.066667 
0.256103 0.163247 0.066667 
0.208448 0.139341 0.066667 
0.165681 0.111258 0.066667 
0.127307 0.081473 0.066667 
0.093438 0.052828 0.066667 
0.073196 0.035474 0.066667 
0.053725 0.018961 0.066667 
0.033741 0.002363 0.066667 
0.023156 -0.006258 0.066667 
0.011963 -0.015248 0.066667 
0.000000 -0.024724 0.066667 
1.000000 -0.014724 0.100000 
0.990850 0.021813 0.100000 
0.980958 0.053675 0.100000 
0.970376 0.081395 0.100000 
0.947360 0.126536 0.100000 
0.922228 0.161494 0.100000 
0.895405 0.190527 0.100000 
0.852785 0.229639 0.100000 
0.807865 0.263519 0.100000 
0.761190 0.290690 0.100000 
0.712765 0.310168 0.100000 
0.660448 0.322960 0.100000 
0.601555 0.330570 0.100000 
0.534880 0.334249 0.100000 
0.465120 0.334249 0.100000 
0.398445 0.330570 0.100000 
0.339552 0.322960 0.100000 
0.287235 0.310168 0.100000 
0.238810 0.290690 0.100000 
0.192135 0.263519 0.100000 
0.147215 0.229639 0.100000 
0.104595 0.190527 0.100000 
0.077772 0.161494 0.100000 
0.052640 0.126536 0.100000 
0.029624 0.081395 0.100000 
0.019042 0.053675 0.100000 
0.009150 0.021813 0.100000 
0.000000 -0.014724 0.100000 
1.000000 -0.018057 0.100000 
0.989912 0.009459 0.100000 
0.979586 0.033697 0.100000 
0.969004 0.055051 0.100000 
0.946999 0.090678 0.100000 
0.923753 0.119487 0.100000 
0.899124 0.144627 0.100000 
0.859421 0.180250 0.100000 
0.816683 0.212765 0.100000 
0.771310 0.240240 0.100000 
0.723143 0.261194 0.100000 
0.669776 0.275960 0.100000 
0.608246 0.285324 0.100000 
0.537318 0.289940 0.100000 
0.462682 0.289940 0.100000 
0.391754 0.285324 0.100000 
0.330224 0.275960 0.100000 
0.276857 0.261194 0.100000 
0.228690 0.240240 0.100000 
0.183317 0.212765 0.100000 
0.140579 0.180250 0.100000 
0.100876 0.144627 0.100000 
0.076247 0.119487 0.100000 
0.053001 0.090678 0.100000 
0.030996 0.055051 0.100000 
0.020414 0.033697 0.100000 
0.010088 0.009459 0.100000 
0.000000 -0.018057 0.100000 
1.000000 -0.021391 0.100000 
0.988975 -0.002894 0.100000 
0.978215 0.013720 0.100000 
0.967632 0.028707 0.100000 
0.946637 0.054820 0.100000 
0.925278 0.077481 0.100000 
0.902843 0.098728 0.100000 
0.866057 0.130861 0.100000 
0.825501 0.162012 0.100000 
0.781431 0.189791 0.100000 
0.733520 0.212221 0.100000 
0.679104 0.228960 0.100000 
0.614937 0.240078 0.100000 
0.539756 0.245632 0.100000 
0.460244 0.245632 0.100000 
0.385063 0.240078 0.100000 
0.320896 0.228960 0.100000 
0.266480 0.212221 0.100000 
0.218569 0.189791 0.100000 
0.174499 0.162012 0.100000 
0.133943 0.130861 0.100000 
0.097157 0.098728 0.100000 
0.074722 0.077481 0.100000 
0.053363 0.054820 0.100000 
0.032368 0.028707 0.100000 
0.021785 0.013720 0.100000 
0.011025 -0.002894 0.100000 
0.000000 -0.021391 0.100000 
1.000000 -0.024724 0.100000 
0.988037 -0.015248 0.100000 
0.976844 -0.006258 0.100000 
0.966259 0.002363 0.100000 
0.946275 0.018961 0.100000 
0.926804 0.035474 0.100000 
0.906562 0.052828 0.100000 
0.872693 0.081473 0.100000 
0.834319 0.111258 0.100000 
0.791552 0.139341 0.100000 
0.743897 0.163247 0.100000 
0.688432 0.181961 0.100000 
0.621627 0.194833 0.100000 
0.542195 0.201323 0.100000 
0.457805 0.201323 0.100000 
0.378373 0.194833 0.100000 
0.311568 0.181961 0.100000 
0.256103 0.163247 0.100000 
0.208448 0.139341 0.100000 
0.165681 0.111258 0.100000 
0.127307 0.081473 0.100000 
0.093438 0.052828 0.100000 
0.073196 0.035474 0.100000 
0.053725 0.018961 0.100000 
0.033741 0.002363 0.100000 
0.023156 -0.006258 0.100000 
0.011963 -0.015248 0.100000 
0.000000 -0.024724 0.100000 
Zone T="FFD_vol1" I=10 J=2 K=2
DATAPACKING=POINT
1.818908 -0.729332 0.000000 
1.778787 -0.617052 0.000000 
1.715509 -0.518641 0.000000 
1.643863 -0.424114 0.000000 
1.564117 -0.338424 0.000000 
1.476325 -0.272667 0.000000 
1.380575 -0.190816 0.000000 
1.273406 -0.138915 0.000000 
1.158694 -0.111657 0.000000 
1.001432 -0.133568 0.000000 
1.810238 -0.741574 0.000000 
1.768673 -0.630129 0.000000 
1.702947 -0.533358 0.000000 
1.628583 -0.440978 0.000000 
1.546190 -0.357771 0.000000 
1.456167 -0.294514 0.000000 
1.358753 -0.215008 0.000000 
1.250601 -0.165226 0.000000 
1.135518 -0.139391 0.000000 
0.995653 -0.141729 0.000000 
1.818908 -0.729332 0.100000 
1.778787 -0.617052 0.100000 
1.715509 -0.518641 0.100000 
1.643863 -0.424114 0.100000 
1.564117 -0.338424 0.100000 
1.476325 -0.272667 0.100000 
1.380575 -0.190816 0.100000 
1.273406 -0.138915 0.100000 
1.158694 -0.111657 0.100000 
1.001432 -0.133568 0.100000 
1.810238 -0.741574 0.100000 
1.768673 -0.630129 0.100000 
1.702947 -0.533358 0.100000 
1.628583 -0.440978 0.100000 
1.546190 -0.357771 0.100000 
1.456167 -0.294514 0.100000 
1.358753 -0.215008 0.100000 
1.250601 -0.165226 0.100000 
1.135518 -0.139391 0.100000 
0.995653 -0.141729 0.100000 
Zone T="embedding_vol" I=28 J=4 K=4
DATAPACKING=POINT
1.818908 -0.729332 0.000000 
1.805842 -0.694167 0.000000 
1.793367 -0.663228 0.000000 
1.781444 -0.636069 0.000000 
1.759104 -0.591303 0.000000 
1.738520 -0.556300 0.000000 
1.719388 -0.527489 0.000000 
1.692727 -0.489808 0.000000 
1.667489 -0.456387 0.000000 
1.642513 -0.425587 0.000000 
1.616832 -0.396110 0.000000 
1.590252 -0.368026 0.000000 
1.562776 -0.341746 0.000000 
1.534406 -0.317390 0.000000 
1.505146 -0.293914 0.000000 
1.474999 -0.269985 0.000000 
1.443945 -0.244773 0.000000 
1.411878 -0.219479 0.000000 
1.378671 -0.195808 0.000000 
1.343887 -0.175063 0.000000 
1.305853 -0.156944 0.000000 
1.262589 -0.140751 0.000000 
1.228983 -0.131083 0.000000 
1.186306 -0.124178 0.000000 
1.128692 -0.122255 0.000000 
1.092450 -0.123856 0.000000 
1.050275 -0.127535 0.000000 
1.001432 -0.133568 0.000000 
1.816018 -0.733413 0.000000 
1.802794 -0.698341 0.000000 
1.790166 -0.667494 0.000000 
1.778096 -0.640425 0.000000 
1.755476 -0.595841 0.000000 
1.734630 -0.561015 0.000000 
1.715253 -0.532377 0.000000 
1.688253 -0.494948 0.000000 
1.662701 -0.461775 0.000000 
1.637424 -0.431227 0.000000 
1.611446 -0.402013 0.000000 
1.584577 -0.374200 0.000000 
1.556823 -0.348196 0.000000 
1.528191 -0.324117 0.000000 
1.498685 -0.300916 0.000000 
1.468311 -0.277258 0.000000 
1.437051 -0.252313 0.000000 
1.404802 -0.227279 0.000000 
1.371435 -0.203859 0.000000 
1.336516 -0.183359 0.000000 
1.298369 -0.165479 0.000000 
1.255011 -0.149522 0.000000 
1.221415 -0.139937 0.000000 
1.179140 -0.132671 0.000000 
1.122704 -0.129497 0.000000 
1.087462 -0.129998 0.000000 
1.046624 -0.132189 0.000000 
0.999506 -0.136289 0.000000 
1.813128 -0.737494 0.000000 
1.799747 -0.702514 0.000000 
1.786966 -0.671759 0.000000 
1.774749 -0.644782 0.000000 
1.751848 -0.600379 0.000000 
1.730741 -0.565730 0.000000 
1.711119 -0.537266 0.000000 
1.683779 -0.500088 0.000000 
1.657912 -0.467162 0.000000 
1.632334 -0.436867 0.000000 
1.606060 -0.407916 0.000000 
1.578903 -0.380374 0.000000 
1.550871 -0.354646 0.000000 
1.521976 -0.330843 0.000000 
1.492224 -0.307918 0.000000 
1.461623 -0.284532 0.000000 
1.430158 -0.259853 0.000000 
1.397725 -0.235078 0.000000 
1.364199 -0.211911 0.000000 
1.329145 -0.191654 0.000000 
1.290885 -0.174014 0.000000 
1.247433 -0.158293 0.000000 
1.213848 -0.148792 0.000000 
1.171975 -0.141164 0.000000 
1.116716 -0.136738 0.000000 
1.082474 -0.136141 0.000000 
1.042974 -0.136842 0.000000 
0.997579 -0.139009 0.000000 
1.810238 -0.741574 0.000000 
1.796699 -0.706687 0.000000 
1.783766 -0.676024 0.000000 
1.771401 -0.649139 0.000000 
1.748221 -0.604916 0.000000 
1.726851 -0.570446 0.000000 
1.706985 -0.542154 0.000000 
1.679306 -0.505227 0.000000 
1.653124 -0.472550 0.000000 
1.627245 -0.442507 0.000000 
1.600675 -0.413818 0.000000 
1.573228 -0.386548 0.000000 
1.544918 -0.361096 0.000000 
1.515760 -0.337570 0.000000 
1.485763 -0.314920 0.000000 
1.454935 -0.291806 0.000000 
1.423264 -0.267393 0.000000 
1.390648 -0.242878 0.000000 
1.356963 -0.219962 0.000000 
1.321774 -0.199950 0.000000 
1.283401 -0.182548 0.000000 
1.239856 -0.167064 0.000000 
1.206281 -0.157647 0.000000 
1.164809 -0.149657 0.000000 
1.110728 -0.143979 0.000000 
1.077486 -0.142283 0.000000 
1.039324 -0.141496 0.000000 
0.995653 -0.141729 0.000000 
1.818908 -0.729332 0.033333 
1.805842 -0.694167 0.033333 
1.793367 -0.663228 0.033333 
1.781444 -0.636069 0.033333 
1.759104 -0.591303 0.033333 
1.738520 -0.556300 0.033333 
1.719388 -0.527489 0.033333 
1.692727 -0.489808 0.033333 
1.667489 -0.456387 0.033333 
1.642513 -0.425587 0.033333 
1.616832 -0.396110 0.033333 
1.590252 -0.368026 0.033333 
1.562776 -0.341746 0.033333 
1.534406 -0.317390 0.033333 
1.505146 -0.293914 0.033333 
1.474999 -0.269985 0.033333 
1.443945 -0.244773 0.033333 
1.411878 -0.219479 0.033333 
1.378671 -0.195808 0.033333 
1.343887 -0.175063 0.033333 
1.305853 -0.156944 0.033333 
1.262589 -0.140751 0.033333 
1.228983 -0.131083 0.033333 
1.186306 -0.124178 0.033333 
1.128692 -0.122255 0.033333 
1.092450 -0.123856 0.033333 
1.050275 -0.127535 0.033333 
1.001432 -0.133568 0.033333 
1.816018 -0.733413 0.033333 
1.802794 -0.698341 0.033333 
1.790166 -0.667494 0.033333 
1.778096 -0.640425 0.033333 
1.755476 -0.595841 0.033333 
1.734630 -0.561015 0.033333 
1.715253 -0.532377 0.033333 
1.688253 -0.494948 0.033333 
1.662701 -0.461775 0.033333 
1.637424 -0.431227 0.033333 
1.611446 -0.402013 0.033333 
1.584577 -0.374200 0.033333 
1.556823 -0.348196 0.033333 
1.528191 -0.324117 0.033333 
1.498685 -0.300916 0.033333 
1.468311 -0.277258 0.033333 
1.437051 -0.252313 0.033333 
1.404802 -0.227279 0.033333 
1.371435 -0.203859 0.033333 
1.336516 -0.183359 0.033333 
1.298369 -0.165479 0.033333 
1.255011 -0.149522 0.033333 
1.221415 -0.139937 0.033333 
1.179140 -0.132671 0.033333 
1.122704 -0.129497 0.033333 
1.087462 -0.129998 0.033333 
1.046624 -0.132189 0.033333 
0.999506 -0.136289 0.033333 
1.813128 -0.737494 0.033333 
1.799747 -0.702514 0.033333 
1.786966 -0.671759 0.033333 
1.774749 -0.644782 0.033333 
1.751848 -0.600379 0.033333 
1.730741 -0.565730 0.033333 
1.711119 -0.537266 0.033333 
1.683779 -0.500088 0.033333 
1.657912 -0.467162 0.033333 
1.632334 -0.436867 0.033333 
1.606060 -0.407916 0.033333 
1.578903 -0.380374 0.033333 
1.550871 -0.354646 0.033333 
1.521976 -0.330843 0.033333 
1.492224 -0.307918 0.033333 
1.461623 -0.284532 0.033333 
1.430158 -0.259853 0.033333 
1.397725 -0.235078 0.033333 
1.364199 -0.211911 0.033333 
1.329145 -0.191654 0.033333 
1.290885 -0.174014 0.033333 
1.247433 -0.158293 0.033333 
1.213848 -0.148792 0.033333 
1.171975 -0.141164 0.033333 
1.116716 -0.136738 0.033333 
1.082474 -0.136141 0.033333 
1.042974 -0.136842 0.033333 
0.997579 -0.139009 0.033333 
1.810238 -0.741574 0.033333 
1.796699 -0.706687 0.033333 
1.783766 -0.676024 0.033333 
1.771401 -0.649139 0.033333 
1.748221 -0.604916 0.033333 
1.726851 -0.570446 0.033333 
1.706985 -0.542154 0.033333 
1.679306 -0.505227 0.033333 
1.653124 -0.472550 0.033333 
1.627245 -0.442507 0.033333 
1.600675 -0.413818 0.033333 
1.573228 -0.386548 0.033333 
1.544918 -0.361096 0.033333 
1.515760 -0.337570 0.033333 
1.485763 -0.314920 0.033333 
1.454935 -0.291806 0.033333 
1.423264 -0.267393 0.033333 
1.390648 -0.242878 0.033333 
1.356963 -0.219962 0.033333 
1.321774 -0.199950 0.033333 
1.283401 -0.182548 0.033333 
1.239856 -0.167064 0.033333 
1.206281 -0.157647 0.033333 
1.164809 -0.149657 0.033333 
1.110728 -0.143979 0.033333 
1.077486 -0.142283 0.033333 
1.039324 -0.141496 0.033333 
0.995653 -0.141729 0.033333 
1.818908 -0.729332 0.066667 
1.805842 -0.694167 0.066667 
1.793367 -0.663228 0.066667 
1.781444 -0.636069 0.066667 
1.759104 -0.591303 0.066667 
1.738520 -0.556300 0.066667 
1.719388 -0.527489 0.066667 
1.692727 -0.489808 0.066667 
1.667489 -0.456387 0.066667 
1.642513 -0.425587 0.066667 
1.616832 -0.396110 0.066667 
1.590252 -0.368026 0.066667 
1.562776 -0.341746 0.066667 
1.534406 -0.317390 0.066667 
1.505146 -0.293914 0.066667 
1.474999 -0.269985 0.066667 
1.443945 -0.244773 0.066667 
1.411878 -0.219479 0.066667 
1.378671 -0.195808 0.066667 
1.343887 -0.175063 0.066667 
1.305853 -0.156944 0.066667 
1.262589 -0.140751 0.066667 
1.228983 -0.131083 0.066667 
1.186306 -0.124178 0.066667 
1.128692 -0.122255 0.066667 
1.092450 -0.123856 0.066667 
1.050275 -0.127535 0.066667 
1.001432 -0.133568 0.066667 
1.816018 -0.733413 0.066667 
1.802794 -0.698341 0.066667 
1.790166 -0.667494 0.066667 
1.778096 -0.640425 0.066667 
1.755476 -0.595841 0.066667 
1.734630 -0.561015 0.066667 
1.715253 -0.532377 0.066667 
1.688253 -0.494948 0.066667 
1.662701 -0.461775 0.066667 
1.637424 -0.431227 0.066667 
1.611446 -0.402013 0.066667 
1.584577 -0.374200 0.066667 
1.556823 -0.348196 0.066667 
1.528191 -0.324117 0.066667 
1.498685 -0.300916 0.066667 
1.468311 -0.277258 0.066667 
1.437051 -0.252313 0.066667 
1.404802 -0.227279 0.066667 
1.371435 -0.203859 0.066667 
1.336516 -0.183359 0.066667 
1.298369 -0.165479 0.066667 
1.255011 -0.149522 0.066667 
1.221415 -0.139937 0.066667 
1.179140 -0.132671 0.066667 
1.122704 -0.129497 0.066667 
1.087462 -0.129998 0.066667 
1.046624 -0.132189 0.066667 
0.999506 -0.136289 0.066667 
1.813128 -0.737494 0.066667 
1.799747 -0.702514 0.066667 
1.786966 -0.671759 0.066667 
1.774749 -0.644782 0.066667 
1.751848 -0.600379 0.066667 
1.730741 -0.565730 0.066667 
1.711119 -0.537266 0.066667 
1.683779 -0.500088 0.066667 
1.657912 -0.467162 0.066667 
1.632334 -0.436867 0.066667 
1.606060 -0.407916 0.066667 
1.578903 -0.380374 0.066667 
1.550871 -0.354646 0.066667 
1.521976 -0.330843 0.066667 
1.492224 -0.307918 0.066667 
1.461623 -0.284532 0.066667 
1.430158 -0.259853 0.066667 
1.397725 -0.235078 0.066667 
1.364199 -0.211911 0.066667 
1.329145 -0.191654 0.066667 
1.290885 -0.174014 0.066667 
1.247433 -0.158293 0.066667 
1.213848 -0.148792 0.066667 
1.171975 -0.141164 0.066667 
1.116716 -0.136738 0.066667 
1.082474 -0.136141 0.066667 
1.042974 -0.136842 0.066667 
0.997579 -0.139009 0.066667 
1.810238 -0.741574 0.066667 
1.796699 -0.706687 0.066667 
1.783766 -0.676024 0.066667 
1.771401 -0.649139 0.066667 
1.748221 -0.604916 0.066667 
1.726851 -0.570446 0.066667 
1.706985 -0.542154 0.066667 
1.679306 -0.505227 0.066667 
1.653124 -0.472550 0.066667 
1.627245 -0.442507 0.066667 
1.600675 -0.413818 0.066667 
1.573228 -0.386548 0.066667 
1.544918 -0.361096 0.066667 
1.515760 -0.337570 0.066667 
1.485763 -0.314920 0.066667 
1.454935 -0.291806 0.066667 
1.423264 -0.267393 0.066667 
1.390648 -0.242878 0.066667 
1.356963 -0.219962 0.066667 
1.321774 -0.199950 0.066667 
1.283401 -0.182548 0.066667 
1.239856 -0.167064 0.066667 
1.206281 -0.157647 0.066667 
1.164809 -0.149657 0.066667 
1.110728 -0.143979 0.066667 
1.077486 -0.142283 0.066667 
1.039324 -0.141496 0.066667 
0.995653 -0.141729 0.066667 
1.818908 -0.729332 0.100000 
1.805842 -0.694167 0.100000 
1.793367 -0.663228 0.100000 
1.781444 -0.636069 0.100000 
1.759104 -0.591303 0.100000 
1.738520 -0.556300 0.100000 
1.719388 -0.527489 0.100000 
1.692727 -0.489808 0.100000 
1.667489 -0.456387 0.100000 
1.642513 -0.425587 0.100000 
1.616832 -0.396110 0.100000 
1.590252 -0.368026 0.100000 
1.562776 -0.341746 0.100000 
1.534406 -0.317390 0.100000 
1.505146 -0.293914 0.100000 
1.474999 -0.269985 0.100000 
1.443945 -0.244773 0.100000 
1.411878 -0.219479 0.100000 
1.378671 -0.195808 0.100000 
1.343887 -0.175063 0.100000 
1.305853 -0.156944 0.100000 
1.262589 -0.140751 0.100000 
1.228983 -0.131083 0.100000 
1.186306 -0.124178 0.100000 
1.128692 -0.122255 0.100000 
1.092450 -0.123856 0.100000 
1.050275 -0.127535 0.100000 
1.001432 -0.133568 0.100000 
1.816018 -0.733413 0.100000 
1.802794 -0.698341 0.100000 
1.790166 -0.667494 0.100000 
1.778096 -0.640425 0.100000 
1.755476 -0.595841 0.100000 
1.734630 -0.561015 0.100000 
1.715253 -0.532377 0.100000 
1.688253 -0.494948 0.100000 
1.662701 -0.461775 0.100000 
1.637424 -0.431227 0.100000 
1.611446 -0.402013 0.100000 
1.584577 -0.374200 0.100000 
1.556823 -0.348196 0.100000 
1.528191 -0.324117 0.100000 
1.498685 -0.300916 0.100000 
1.468311 -0.277258 0.100000 
1.437051 -0.252313 0.100000 
1.404802 -0.227279 0.100000 
1.371435 -0.203859 0.100000 
1.336516 -0.183359 0.100000 
1.298369 -0.165479 0.100000 
1.255011 -0.149522 0.100000 
1.221415 -0.139937 0.100000 
1.179140 -0.132671 0.100000 
1.122704 -0.129497 0.100000 
1.087462 -0.129998 0.100000 
1.046624 -0.132189 0.100000 
0.999506 -0.136289 0.100000 
1.813128 -0.737494 0.100000 
1.799747 -0.702514 0.100000 
1.786966 -0.671759 0.100000 
1.774749 -0.644782 0.100000 
1.751848 -0.600379 0.100000 
1.730741 -0.565730 0.100000 
1.711119 -0.537266 0.100000 
1.683779 -0.500088 0.100000 
1.657912 -0.467162 0.100000 
1.632334 -0.436867 0.100000 
1.606060 -0.407916 0.100000 
1.578903 -0.380374 0.100000 
1.550871 -0.354646 0.100000 
1.521976 -0.330843 0.100000 
1.492224 -0.307918 0.100000 
1.461623 -0.284532 0.100000 
1.430158 -0.259853 0.100000 
1.397725 -0.235078 0.100000 
1.364199 -0.211911 0.100000 
1.329145 -0.191654 0.100000 
1.290885 -0.174014 0.100000 
1.247433 -0.158293 0.100000 
1.213848 -0.148792 0.100000 
1.171975 -0.141164 0.100000 
1.116716 -0.136738 0.100000 
1.082474 -0.136141 0.100000 
1.042974 -0.136842 0.100000 
0.997579 -0.139009 0.100000 
1.810238 -0.741574 0.100000 
1.796699 -0.706687 0.100000 
1.783766 -0.676024 0.100000 
1.771401 -0.649139 0.100000 
1.748221 -0.604916 0.100000 
1.726851 -0.570446 0.100000 
1.706985 -0.542154 0.100000 
1.679306 -0.505227 0.100000 
1.653124 -0.472550 0.100000 
1.627245 -0.442507 0.100000 
1.600675 -0.413818 0.100000 
1.573228 -0.386548 0.100000 
1.544918 -0.361096 0.100000 
1.515760 -0.337570 0.100000 
1.485763 -0.314920 0.100000 
1.454935 -0.291806 0.100000 
1.423264 -0.267393 0.100000 
1.390648 -0.242878 0.100000 
1.356963 -0.219962 0.100000 
1.321774 -0.199950 0.100000 
1.283401 -0.182548 0.100000 
1.239856 -0.167064 0.100000 
1.206281 -0.157647 0.100000 
1.164809 -0.149657 0.100000 
1.110728 -0.143979 0.100000 
1.077486 -0.142283 0.100000 
1.039324 -0.141496 0.100000 
0.995653 -0.141729 0.100000 
