%eval_id interface xtop           xbot           ytop2          ybot1          ybot2          ytop1Thick     flapRotation   flapX          flapY          flapCamber     obj_fn_1       obj_fn_2       
1        NO_ID      0.01472716577  0.05614848642  0.741169473    0.8412530263   0.2253432714   0.3400944394   -38.70209553   0.9554404401   -0.1000537741  0.2218256905   -2.69139101    0.3891106956   
2        NO_ID      0.02425711341  0.0953299713   0.9959401338   0.8123727285   0.2687063356   0.3473893977   -31.34818788   0.9546959755   -0.1450220352  0.2382895933   -2.71041223    0.3940882645   
3        NO_ID      0.03161364217  0.190519766    0.7157587787   0.7564690139   0.2409685251   0.3240062372   -32.02201948   0.9866327206   -0.1171718174  0.2967405139   -3.01381533    0.3471230887   
4        NO_ID      0.03991964465  0.03395431443  0.84863322     0.8281425685   0.887801332    0.3935003987   -33.15554983   0.9691594166   -0.1125114559  0.2368663542   -2.65531163    0.3275869138   
5        NO_ID      0.04226993328  0.07870417246  0.8730071547   0.7779634365   0.6332452728   0.3288777775   -32.24232757   0.9644189706   -0.1335178961  0.2189750982   -2.79473888    0.2747779432   
6        NO_ID      0.04454227147  0.1220309746   0.8735904542   0.7589697658   0.5760362054   0.3361916841   -36.95714546   0.9944361663   -0.1261707673  0.2169820268   -2.44041568    0.3189956911   
7        NO_ID      0.04513151693  0.1402993004   0.8151495818   0.8322820484   0.8544410195   0.3916272912   -31.38082877   0.9601774108   -0.110317158   0.254804205    -2.64553547    0.4127159262   
8        NO_ID      0.05385669569  0.02378355202  0.7323544846   0.7941622146   0.3908786373   0.328826952    -36.6861418    0.954557429    -0.128633614   0.2934494647   -2.54977904    0.4113049649   
9        NO_ID      0.06253675185  0.07485734946  0.9002021526   0.8637028309   0.6226439546   0.3313229552   -31.14985791   0.959313239    -0.1421430408  0.2503460985   -2.61861171    0.2726862377   
10       NO_ID      0.06440875952  0.1276020834   0.9100903409   0.7703493257   0.1009003837   0.3005709142   -36.94761183   0.9630785161   -0.1172315947  0.2857555212   -1             0.3900023537   
11       NO_ID      0.07486035984  0.1337150957   0.8532057914   0.8914397129   0.3240336106   0.3546106878   -32.80731424   0.9556640277   -0.1264258285  0.2592539919   -1             0.4226329118   
12       NO_ID      0.07910118671  0.194420485    0.970662422    0.855275936    0.3133325995   0.3539760341   -36.24793024   0.9880124368   -0.1243732318  0.2667723761   -1             0.5057690747   
13       NO_ID      0.08466598109  0.1578688929   0.8877892325   0.8508311243   0.3465252401   0.3221009364   -38.01979412   0.9806221002   -0.1445133655  0.2674605244   -2.58129301    0.350374626    
14       NO_ID      0.09530650498  0.05412969234  0.8753465502   0.6733238207   0.2219118335   0.3732148516   -38.74525095   0.9896735194   -0.1417949033  0.2745071389   -2.82350684    0.4600524195   
15       NO_ID      0.0962136512   0.1819371696   0.9728928873   0.8621936905   0.4985151412   0.3576199548   -38.37243257   0.9636955584   -0.106771052   0.2492398822   -1             0.5246548878   
16       NO_ID      0.09751129947  0.1348527827   0.9427285926   0.6395106434   0.1412066288   0.3053422296   -35.42284392   0.9890434177   -0.1153961779  0.2442560235   -1             0.3095716802   
17       NO_ID      0.1141376569   0.1149721543   0.8738289982   0.7357727538   0.6499099477   0.3099640064   -34.69192012   0.9878646916   -0.1347852425  0.2992228461   -2.849163      0.3650536111   
18       NO_ID      0.1444620238   0.1712990109   0.8487932189   0.6873159858   0.2443369907   0.3684178439   -32.72449717   0.95695291     -0.1198445587  0.2492421718   -2.77631069    0.4352415013   
19       NO_ID      0.148445145    0.1294854757   0.8094353418   0.7540202731   0.8617837801   0.3916195068   -33.64288272   0.9858648465   -0.1429198722  0.2606968876   -2.96345378    0.3643375639   
20       NO_ID      0.1497026727   0.05284327327  0.948030823    0.6872485988   0.3857544457   0.3878277696   -36.55749042   0.9907454333   -0.1170426975  0.20363274     -1             0.5100032354   
21       NO_ID      0.1499222904   0.0510067422   0.9850757122   0.8760384761   0.2181280118   0.388106217    -33.58919404   0.9715976709   -0.1190201758  0.2281059412   -2.78849108    0.3745697918   
22       NO_ID      0.1587503944   0.1694313246   0.8837919498   0.6888094853   0.6100418142   0.352428719    -35.06417013   0.9986387512   -0.1353741608  0.2771357698   -2.78429249    0.3546643124   
23       NO_ID      0.1603693138   0.08613471905  0.8086462994   0.8156601701   0.7415173597   0.3677812362   -38.47124198   0.9516446325   -0.1468219701  0.2685721792   -3.12056138    0.3698423254   
24       NO_ID      0.1625386516   0.02635061109  0.7576641538   0.7989680781   0.812186082    0.3348892935   -39.35828679   0.9510011524   -0.1271149131  0.2063095838   -3.45674849    0.4194862381   
25       NO_ID      0.162756044    0.1562836289   0.8200685866   0.8674588356   0.3266517968   0.3352458347   -31.9227548    0.9959513237   -0.1465122362  0.2949327075   -3.14390036    0.3354511373   
26       NO_ID      0.1641658659   0.01746326524  0.831291279    0.8795505169   0.8446478363   0.3720952343   -37.15706597   0.9869267157   -0.1180010592  0.235404868    -3.12014758    0.3089670453   
27       NO_ID      0.1710653435   0.01277007529  0.8140644021   0.7146501439   0.344326405    0.3737407731   -37.39555158   0.9824829482   -0.1223841802  0.2919590892   -2.68233661    0.3752707269   
28       NO_ID      0.1716925777   0.09097788141  0.9489817131   0.7183165131   0.2954615896   0.3326013463   -32.70639932   0.9819327073   -0.1007577686  0.2338242927   -2.64323731    0.3276638905   
29       NO_ID      0.1762624022   0.1535603587   0.7155816456   0.6473421386   0.8999948569   0.3204328611   -31.10044356   0.9562734238   -0.10011005    0.2054057578   -3.10508964    0.3251883343   
30       NO_ID      0.1773216226   0.1767466179   0.9243427889   0.7886729794   0.1283367254   0.3747802867   -31.66761458   0.9962688276   -0.1063364329  0.2831037541   -2.41831569    0.3364772063   
31       NO_ID      0.1792353864   0.06043765137  0.8976239903   0.8285333424   0.4899414921   0.3157272117   -31.16963408   0.981283266    -0.1241142639  0.2207843591   -3.03263974    0.3711347237   
32       NO_ID      0.1868214433   0.1098919519   0.8856776141   0.7788588681   0.286924968    0.38298083     -39.29909796   0.9549418711   -0.1038136095  0.2169649501   -1             0.3105546197   
33       NO_ID      0.1954429202   0.15434962     0.7280441431   0.6404707235   0.5161680559   0.3078232142   -39.30093602   0.9602327543   -0.1269289763  0.281967728    -3.12904638    0.3519001281   
34       NO_ID      0.198415026    0.0571283825   0.888843911    0.6687410939   0.6604959718   0.3316867137   -36.71222957   0.9615713976   -0.1462919515  0.2633072194   -3.33418629    0.3878491281   
35       NO_ID      0.2054415839   0.131151629    0.8041347619   0.6553867403   0.5872846896   0.3627157886   -32.69270654   0.9664187219   -0.1129780779  0.2202212774   -3.33150972    0.37164071     
36       NO_ID      0.2058880343   0.1017605531   0.8445807469   0.691486705    0.669669808    0.3182555787   -33.78177179   0.9520432151   -0.129300813   0.2695983791   -3.30695457    0.3688342944   
37       NO_ID      0.2089360457   0.1638592063   0.9093544669   0.6935851417   0.6167112349   0.3006004773   -34.67040163   0.9921954816   -0.1190776612  0.2642692527   -3.29771249    0.3274405887   
38       NO_ID      0.2094798032   0.0415350916   0.8320313583   0.8640225709   0.7633608747   0.333033713    -37.71031829   0.9946686207   -0.1324819911  0.2686669908   -3.39735567    0.3979159201   
39       NO_ID      0.2368560588   0.1466977429   0.7601057076   0.7203562955   0.3525264249   0.3434008569   -37.69004049   0.9692874118   -0.1233577005  0.2154723762   -3.31832544    0.3861434501   
40       NO_ID      0.2379406084   0.06841699601  0.8341100738   0.6678319875   0.2500264876   0.3276234672   -34.43556245   0.970825064    -0.1415196457  0.2906803934   -3.33242259    0.3832036377   
41       NO_ID      0.2530587448   0.1476078778   0.7534622529   0.6665896626   0.4988203859   0.3121258784   -38.61761546   0.9680221302   -0.13375965    0.2931895294   -3.25437784    0.3857993005   
42       NO_ID      0.253654438    0.0849327561   0.9349297671   0.83953201     0.8293178863   0.3197551369   -36.64777244   0.9884114797   -0.1361112645  0.2553969956   -3.28877137    0.3845259172   
43       NO_ID      0.2624565608   0.02374247189  0.7012484827   0.8769207382   0.5751137434   0.3180372266   -38.36868501   0.9695845115   -0.1043486661  0.2819695153   -3.14320926    0.3945648133   
44       NO_ID      0.2702924772   0.03585417628  0.8232363814   0.6016225645   0.7266255952   0.3774386235   -37.06321931   0.9557333907   -0.1067232593  0.2721005789   -3.30768436    0.3872029996   
45       NO_ID      0.2734605498   0.128198136    0.9510483294   0.8454382835   0.4968595361   0.3334971691   -36.0567284    0.9829415582   -0.119555857   0.225890612    -3.32965764    0.417932083    
46       NO_ID      0.2770651635   0.140103742    0.8959390997   0.6771796447   0.5259527782   0.3087643628   -37.39503058   0.9938691964   -0.1156937536  0.2093740236   -3.08247302    0.3081952641   
47       NO_ID      0.2838522479   0.09567433602  0.8009053377   0.8543053308   0.4476106366   0.300323146    -36.55057045   0.979924065    -0.1083378353  0.2233891705   -3.2227582     0.3737130684   
48       NO_ID      0.2873757933   0.1218416253   0.8971912119   0.8576028978   0.4516479356   0.3923969789   -36.01563333   0.9907383448   -0.1157890737  0.2910972031   -2.57571111    0.3960878407   
49       NO_ID      0.2940358975   0.1513241294   0.9710099021   0.8950787215   0.6335042677   0.3497258519   -38.36031997   0.9915005917   -0.1055525625  0.2076994681   -2.91892891    0.3851042345   
50       NO_ID      0.2954653288   0.01067992914  0.9482173406   0.6994437227   0.2505608336   0.3436496997   -30.41363038   0.9959465194   -0.1117564282  0.2699075403   -3.14502418    0.3563748298   
51       NO_ID      0.01472716577  0.05614848642  0.8200685866   0.8412530263   0.2253432714   0.3352458347   -31.9227548    0.9959513237   -0.1465122362  0.2218256905   -2.91104227    0.3647210482   
52       NO_ID      0.01472716577  0.1562836289   0.8200685866   0.8674588356   0.3266517968   0.3352458347   -38.70209553   0.9554404401   -0.1465122362  0.2949327075   -1             0.6169643764   
53       NO_ID      0.04226993328  0.0571283825   0.8730071547   0.6687410939   0.6604959718   0.3288777775   -32.24232757   0.9615713976   -0.1462919515  0.2633072194   -2.71829291    0.4452549809   
54       NO_ID      0.04454227147  0.1562836289   0.8735904542   0.7589697658   0.3266517968   0.3361916841   -36.95714546   0.9959513237   -0.1465122362  0.2169820268   -1             0.5163995113   
55       NO_ID      0.04513151693  0.1402993004   0.8151495818   0.8769207382   0.5751137434   0.3180372266   -38.36868501   0.9695845115   -0.110317158   0.2819695153   -2.81779454    0.3978897408   
56       NO_ID      0.1625386516   0.06841699601  0.8341100738   0.6678319875   0.2500264876   0.3348892935   -39.35828679   0.9510011524   -0.1271149131  0.2063095838   -3.22553803    0.3962009085   
57       NO_ID      0.162756044    0.1562836289   0.8735904542   0.8674588356   0.3266517968   0.3352458347   -36.95714546   0.9944361663   -0.1465122362  0.2949327075   -2.8286553     0.4045008927   
58       NO_ID      0.162756044    0.1562836289   0.9494385306   0.8674588356   0.3266517968   0.3352458347   -31.9227548    0.9959513237   -0.1465122362  0.2949327075   -2.7686489     0.3018335766   
59       NO_ID      0.1641658659   0.01746326524  0.831291279    0.8795505169   0.8446478363   0.3720952343   -37.15706597   0.9758069284   -0.1180010592  0.235404868    -3.01443144    0.4714833734   
60       NO_ID      0.1716925777   0.09097788141  0.8320313583   0.7183165131   0.2954615896   0.3326013463   -37.71031829   0.9946686207   -0.1007577686  0.2338242927   -3.27887182    0.3897821894   
61       NO_ID      0.1773216226   0.06043765137  0.8976239903   0.7886729794   0.1283367254   0.3747802867   -31.66761458   0.9962688276   -0.1063364329  0.2207843591   -3.00864167    0.4092829846   
62       NO_ID      0.1773216226   0.1767466179   0.9243427889   0.8285333424   0.1283367254   0.3157272117   -31.16963408   0.9962688276   -0.1241142639  0.2207843591   -2.76500854    0.3500642047   
63       NO_ID      0.1792353864   0.06043765137  0.8976239903   0.8285333424   0.4899414921   0.3916272912   -31.16963408   0.9601774108   -0.1241142639  0.2207843591   -2.68849359    0.381783671    
64       NO_ID      0.1792353864   0.06043765137  0.8976239903   0.8285333424   0.4899414921   0.3916272912   -31.16963408   0.981283266    -0.1241142639  0.254804205    -2.6840704     0.2785912871   
65       NO_ID      0.1868214433   0.1098919519   0.7012484827   0.7788588681   0.286924968    0.38298083     -38.36868501   0.9549418711   -0.1043486661  0.2169649501   -3.45435058    0.4029408595   
66       NO_ID      0.1868214433   0.1098919519   0.8856776141   0.8576028978   0.4516479356   0.38298083     -36.01563333   0.9549418711   -0.1038136095  0.2169649501   -2.9469272     0.471532551    
67       NO_ID      0.1868214433   0.1098919519   0.8971912119   0.8576028978   0.4516479356   0.3923969789   -39.29909796   0.9549418711   -0.1157890737  0.2910972031   -2.68250049    0.3803073178   
68       NO_ID      0.1868214433   0.15434962     0.7280441431   0.6404707235   0.5161680559   0.3078232142   -39.29909796   0.9602327543   -0.1038136095  0.281967728    -3.2566282     0.3597844817   
69       NO_ID      0.1868214433   0.1694313246   0.8837919498   0.6888094853   0.6100418142   0.352428719    -39.29909796   0.9986387512   -0.1353741608  0.2169649501   -2.74157583    0.3682606018   
70       NO_ID      0.1868214433   0.1694313246   0.8856776141   0.7788588681   0.286924968    0.38298083     -39.29909796   0.9549418711   -0.1353741608  0.2771357698   -1             0.4151983307   
71       NO_ID      0.1954429202   0.1098919519   0.8856776141   0.7788588681   0.286924968    0.3078232142   -39.29909796   0.9549418711   -0.1269289763  0.2169649501   -3.30057713    0.3916471411   
72       NO_ID      0.1954429202   0.1199743782   0.7280441431   0.6404707235   0.5161680559   0.3078232142   -39.30093602   0.9602327543   -0.1269289763  0.281967728    -3.25761443    0.3833690562   
73       NO_ID      0.1954429202   0.1476078778   0.7280441431   0.6404707235   0.5161680559   0.3121258784   -39.30093602   0.9680221302   -0.13375965    0.2931895294   -3.3592789     0.3923447303   
74       NO_ID      0.198415026    0.07870417246  0.888843911    0.7779634365   0.6332452728   0.3288777775   -36.71222957   0.9644189706   -0.1462919515  0.2189750982   -3.22977635    0.3086515473   
75       NO_ID      0.2058880343   0.1017605531   0.8445807469   0.691486705    0.669669808    0.3182555787   -33.78177179   0.9877972749   -0.129300813   0.2695983791   -3.27252788    0.3686127929   
76       NO_ID      0.2089360457   0.0415350916   0.9093544669   0.8640225709   0.6167112349   0.3006004773   -34.67040163   0.9921954816   -0.1324819911  0.2686669908   -3.20515328    0.367064429    
77       NO_ID      0.2089360457   0.1638592063   0.8837919498   0.6888094853   0.6167112349   0.3006004773   -34.67040163   0.9921954816   -0.1190776612  0.2771357698   -3.22464124    0.361260462    
78       NO_ID      0.2089360457   0.1638592063   0.9093544669   0.6888094853   0.6100418142   0.352428719    -34.67040163   0.9921954816   -0.1190776612  0.2771357698   -3.14007308    0.373674587    
79       NO_ID      0.2089360457   0.1638592063   0.9093544669   0.6935851417   0.6167112349   0.3006004773   -34.67040163   0.9921954816   -0.1190776612  0.214394163    -3.30388241    0.3368860379   
80       NO_ID      0.2094798032   0.0415350916   0.8320313583   0.8640225709   0.7633608747   0.333033713    -37.71031829   0.9921954816   -0.1324819911  0.2686669908   -3.40207377    0.3903767496   
81       NO_ID      0.2094798032   0.09097788141  0.8320313583   0.7183165131   0.7633608747   0.3326013463   -32.70639932   0.9946686207   -0.1007577686  0.2338242927   -3.30347706    0.3584706158   
82       NO_ID      0.2379406084   0.06841699601  0.8086462994   0.6678319875   0.2500264876   0.3677812362   -34.43556245   0.970825064    -0.1415196457  0.2685721792   -3.44951524    0.4152910407   
83       NO_ID      0.2379406084   0.06841699601  0.8341100738   0.6678319875   0.812186082    0.3276234672   -34.43556245   0.9510011524   -0.1271149131  0.2906803934   -3.30618865    0.4071621405   
84       NO_ID      0.2379406084   0.08613471905  0.8341100738   0.6678319875   0.2500264876   0.3677812362   -38.47124198   0.9516446325   -0.1468219701  0.2906803934   -3.49126365    0.4242981449   
85       NO_ID      0.2530587448   0.1476078778   0.7534622529   0.6404707235   0.4988203859   0.3121258784   -39.30093602   0.9602327543   -0.13375965    0.281967728    -3.24819311    0.3755285129   
86       NO_ID      0.2624565608   0.02374247189  0.7012484827   0.8769207382   0.5751137434   0.3916272912   -31.38082877   0.9601774108   -0.110317158   0.2819695153   -1             0.6869070377   
87       NO_ID      0.2624565608   0.02374247189  0.8856776141   0.7788588681   0.5751137434   0.38298083     -38.36868501   0.9695845115   -0.1043486661  0.2169649501   -3.41345377    0.4195605063   
88       NO_ID      0.2702924772   0.01746326524  0.831291279    0.6016225645   0.7266255952   0.3720952343   -37.15706597   0.9557333907   -0.1180010592  0.235404868    -3.21145897    0.3741476878   
89       NO_ID      0.2702924772   0.03585417628  0.8232363814   0.6016225645   0.8446478363   0.3720952343   -37.15706597   0.9869267157   -0.1180010592  0.235404868    -3.15431141    0.3295736943   
90       NO_ID      0.04226993328  0.07870417246  0.8320313583   0.8640225709   0.6332452728   0.333033713    -37.71031829   0.9644189706   -0.1324819911  0.2189750982   -2.37609282    0.4896377903   
91       NO_ID      0.09751129947  0.131151629    0.9427285926   0.6395106434   0.1412066288   0.3053422296   -35.42284392   0.9664187219   -0.1129780779  0.2442560235   -1             0.3893092827   
92       NO_ID      0.09751129947  0.1348527827   0.8041347619   0.6553867403   0.5872846896   0.3053422296   -32.69270654   0.9890434177   -0.1129780779  0.2202212774   -3.14353131    0.3336774297   
93       NO_ID      0.162756044    0.1562836289   0.9349297671   0.8674588356   0.8293178863   0.3352458347   -36.64777244   0.9959513237   -0.1361112645  0.2553969956   -2.51811846    0.3500443776   
94       NO_ID      0.1868214433   0.1098919519   0.8341100738   0.7788588681   0.2500264876   0.38298083     -38.36868501   0.970825064    -0.1043486661  0.2906803934   -1             0.5002103847   
95       NO_ID      0.1868214433   0.1098919519   0.8856776141   0.6404707235   0.286924968    0.3078232142   -39.29909796   0.9549418711   -0.1038136095  0.281967728    -3.22313948    0.4055077247   
96       NO_ID      0.1868214433   0.1476078778   0.7280441431   0.6404707235   0.5161680559   0.3078232142   -39.30093602   0.9602327543   -0.13375965    0.281967728    -3.21748835    0.3699963374   
97       NO_ID      0.1868214433   0.1476078778   0.7280441431   0.6404707235   0.5161680559   0.3078232142   -39.29909796   0.9680221302   -0.1038136095  0.281967728    -3.31545339    0.3828223247   
98       NO_ID      0.1954429202   0.0849327561   0.9349297671   0.83953201     0.8293178863   0.3078232142   -39.30093602   0.9884114797   -0.1361112645  0.281967728    -2.94542108    0.3796856013   
99       NO_ID      0.1954429202   0.1199743782   0.9093544669   0.6935851417   0.5161680559   0.3006004773   -34.67040163   0.9921954816   -0.1269289763  0.281967728    -3.11964554    0.2906318962   
100      NO_ID      0.1954429202   0.1220309746   0.7280441431   0.6404707235   0.5161680559   0.3078232142   -36.95714546   0.9602327543   -0.1261707673  0.281967728    -3.29542378    0.3791380863   
101      NO_ID      0.1954429202   0.1220309746   0.8735904542   0.7589697658   0.5161680559   0.3078232142   -39.30093602   0.9602327543   -0.1261707673  0.281967728    -3.29197781    0.3789691697   
102      NO_ID      0.1954429202   0.15434962     0.8856776141   0.7788588681   0.5161680559   0.38298083     -39.29909796   0.9549418711   -0.1038136095  0.2169649501   -2.74469948    0.3361137621   
103      NO_ID      0.2058880343   0.1017605531   0.8445807469   0.691486705    0.669669808    0.3182555787   -33.78177179   0.9877972749   -0.129300813   0.2819101622   -3.24035482    0.3585771399   
104      NO_ID      0.2058880343   0.1017605531   0.8445807469   0.691486705    0.7327358375   0.3182555787   -33.78177179   0.9877972749   -0.129300813   0.2695983791   -3.2891623     0.3585543012   
105      NO_ID      0.2089360457   0.128198136    0.8837919498   0.6888094853   0.4968595361   0.3334971691   -36.0567284    0.9829415582   -0.119555857   0.225890612    -3.3948133     0.3877457523   
106      NO_ID      0.2089360457   0.1638592063   0.7280441431   0.6935851417   0.5161680559   0.3078232142   -39.30093602   0.9921954816   -0.1269289763  0.281967728    -3.36836276    0.4060364217   
107      NO_ID      0.2094798032   0.0415350916   0.8320313583   0.8640225709   0.7633608747   0.333033713    -32.24100565   0.9946686207   -0.1324819911  0.2686669908   -3.2431581     0.3348646221   
108      NO_ID      0.2094798032   0.0415350916   0.8730071547   0.8640225709   0.6332452728   0.3288777775   -37.71031829   0.9644189706   -0.1335178961  0.2189750982   -3.31185292    0.3014740026   
109      NO_ID      0.2094798032   0.06841699601  0.8086462994   0.8640225709   0.2500264876   0.333033713    -34.43556245   0.9921954816   -0.1324819911  0.2685721792   -3.35014973    0.3994818785   
110      NO_ID      0.2379406084   0.02374247189  0.8341100738   0.6678319875   0.2500264876   0.3677812362   -38.36868501   0.9695845115   -0.1043486661  0.2906803934   -3.37476722    0.421320139    
111      NO_ID      0.2379406084   0.02374247189  0.8341100738   0.7788588681   0.2500264876   0.38298083     -38.47124198   0.9516446325   -0.1468219701  0.2169649501   -3.41638337    0.4474365208   
112      NO_ID      0.2379406084   0.0415350916   0.8086462994   0.8640225709   0.7633608747   0.3677812362   -34.43556245   0.970825064    -0.1415196457  0.2686669908   -3.40467539    0.3911027331   
113      NO_ID      0.2379406084   0.1098919519   0.8341100738   0.7788588681   0.286924968    0.3276234672   -34.43556245   0.9549418711   -0.1415196457  0.2169649501   -3.40034688    0.3850748024   
114      NO_ID      0.2530587448   0.02374247189  0.7534622529   0.6404707235   0.5751137434   0.38298083     -38.36868501   0.9602327543   -0.1043486661  0.2169649501   -3.33408474    0.4009666103   
115      NO_ID      0.2530587448   0.02374247189  0.8856776141   0.6404707235   0.4988203859   0.38298083     -39.30093602   0.9602327543   -0.1043486661  0.281967728    -3.45032446    0.3967308619   
116      NO_ID      0.253654438    0.0849327561   0.9349297671   0.83953201     0.3266517968   0.3197551369   -36.64777244   0.9884114797   -0.1465122362  0.2949327075   -3.05566895    0.3414443541   
117      NO_ID      0.253654438    0.1199743782   0.7280441431   0.6404707235   0.8293178863   0.3197551369   -39.30093602   0.9884114797   -0.1269289763  0.281967728    -3.05607094    0.3304814702   
118      NO_ID      0.2734605498   0.128198136    0.8041347619   0.6553867403   0.4968595361   0.3334971691   -32.69270654   0.9664187219   -0.1129780779  0.225890612    -3.21387794    0.3540677134   
119      NO_ID      0.2734605498   0.131151629    0.9510483294   0.6553867403   0.4968595361   0.3334971691   -32.69270654   0.9664187219   -0.1129780779  0.2202212774   -3.27166943    0.3795605817   
120      NO_ID      0.2734605498   0.1638592063   0.9510483294   0.8454382835   0.4968595361   0.3006004773   -36.0567284    0.9921954816   -0.119555857   0.2771357698   -3.23566579    0.3289290472   
121      NO_ID      0.2770651635   0.140103742    0.8959390997   0.6771796447   0.5259527782   0.3291431267   -37.39503058   0.9938691964   -0.1156937536  0.2093740236   -3.14033694    0.3591831197   
