    1.000000      0.2530472E-02
   0.9981539      0.3766964E-02
   0.9948042      0.6000893E-02
   0.9905022      0.8851788E-02
   0.9854502      0.1217356E-01
   0.9797680      0.1587137E-01
   0.9735385      0.1988826E-01
   0.9668236      0.2417014E-01
   0.9596727      0.2867543E-01
   0.9521261      0.3336883E-01
   0.9442179      0.3821964E-01
   0.9359777      0.4320073E-01
   0.9274311      0.4828777E-01
   0.9186012      0.5345873E-01
   0.9095086      0.5869353E-01
   0.9001721      0.6397372E-01
   0.8906086      0.6928233E-01
   0.8808341      0.7460361E-01
   0.8708631      0.7992298E-01
   0.8607092      0.8522687E-01
   0.8503852      0.9050265E-01
   0.8399030      0.9573854E-01
   0.8292739      0.1009236    
   0.8185086      0.1060498    
   0.8076172      0.1111014    
   0.7966094      0.1160732    
   0.7854943      0.1209600    
   0.7742808      0.1257501    
   0.7629772      0.1304375    
   0.7515918      0.1350155    
   0.7401321      0.1394779    
   0.7286059      0.1438190    
   0.7170202      0.1480338    
   0.7053820      0.1521174    
   0.6936982      0.1560655    
   0.6819752      0.1598742    
   0.6702195      0.1635398    
   0.6584371      0.1670594    
   0.6466340      0.1704301    
   0.6348162      0.1736495    
   0.6229892      0.1767154    
   0.6111586      0.1796262    
   0.5993298      0.1823805    
   0.5875079      0.1849770    
   0.5756983      0.1874150    
   0.5639058      0.1896941    
   0.5521354      0.1918138    
   0.5403920      0.1937744    
   0.5286801      0.1955761    
   0.5170044      0.1972194    
   0.5053694      0.1987053    
   0.4937796      0.2000347    
   0.4822393      0.2012090    
   0.4707528      0.2022296    
   0.4593242      0.2030984    
   0.4479577      0.2038174    
   0.4366573      0.2043886    
   0.4254271      0.2048144    
   0.4142708      0.2050975    
   0.4031924      0.2052405    
   0.3921956      0.2052040    
   0.3812843      0.2048749    
   0.3704620      0.2042532    
   0.3597324      0.2033467    
   0.3490991      0.2021632    
   0.3385656      0.2007112    
   0.3281353      0.1989991    
   0.3178117      0.1970358    
   0.3075982      0.1948304    
   0.2974981      0.1923923    
   0.2875147      0.1897311    
   0.2776512      0.1868566    
   0.2679109      0.1837787    
   0.2582969      0.1805077    
   0.2488125      0.1770539    
   0.2394606      0.1734277    
   0.2302443      0.1696400    
   0.2211667      0.1657012    
   0.2122308      0.1616223    
   0.2034395      0.1574143    
   0.1947958      0.1530879    
   0.1863025      0.1486543    
   0.1779626      0.1441245    
   0.1697789      0.1395095    
   0.1617541      0.1348204    
   0.1538911      0.1300681    
   0.1461926      0.1252637    
   0.1386614      0.1204179    
   0.1313001      0.1155417    
   0.1241115      0.1106459    
   0.1170982      0.1057410    
   0.1102628      0.1008376    
   0.1036079      0.9594621E-01
   0.9713618E-01  0.9107705E-01
   0.9085011E-01  0.8624029E-01
   0.8475225E-01  0.8144595E-01
   0.7884513E-01  0.7670389E-01
   0.7313123E-01  0.7202382E-01
   0.6761304E-01  0.6741526E-01
   0.6229301E-01  0.6288761E-01
   0.5717357E-01  0.5845005E-01
   0.5225715E-01  0.5411163E-01
   0.4754613E-01  0.4988120E-01
   0.4304290E-01  0.4576746E-01
   0.3874982E-01  0.4177893E-01
   0.3466923E-01  0.3792394E-01
   0.3080345E-01  0.3421068E-01
   0.2715480E-01  0.3064713E-01
   0.2372556E-01  0.2724111E-01
   0.2051801E-01  0.2400026E-01
   0.1753441E-01  0.2093204E-01
   0.1477699E-01  0.1804371E-01
   0.1224799E-01  0.1534234E-01
   0.9949614E-02  0.1283480E-01
   0.7884061E-02  0.1052771E-01
   0.6053511E-02  0.8427547E-02
   0.4460132E-02  0.6540328E-02
   0.3106075E-02  0.4872381E-02
   0.1993480E-02  0.3428106E-02
   0.1124470E-02  0.2215644E-02
   0.5011575E-03  0.1233846E-02
   0.1256392E-03  0.4955894E-03
  -0.1231932E-08 -0.1991500E-04
   0.1256232E-03 -0.2443318E-03
   0.5011258E-03 -0.2300978E-03
   0.1124423E-02  0.2704671E-04
   0.1993418E-02  0.5509791E-03
   0.3105999E-02  0.1316185E-02
   0.4460042E-02  0.2332379E-02
   0.6053409E-02  0.3590561E-02
   0.7883947E-02  0.5088776E-02
   0.9949489E-02  0.6821743E-02
   0.1224785E-01  0.8784608E-02
   0.1477685E-01  0.1097169E-01
   0.1753426E-01  0.1337690E-01
   0.2051785E-01  0.1599362E-01
   0.2372540E-01  0.1881479E-01
   0.2715463E-01  0.2183287E-01
   0.3080328E-01  0.2503990E-01
   0.3466906E-01  0.2842750E-01
   0.3874965E-01  0.3198691E-01
   0.4304273E-01  0.3570899E-01
   0.4754595E-01  0.3958428E-01
   0.5225697E-01  0.4360298E-01
   0.5717340E-01  0.4775502E-01
   0.6229284E-01  0.5203007E-01
   0.6761287E-01  0.5641754E-01
   0.7313107E-01  0.6090665E-01
   0.7884497E-01  0.6548641E-01
   0.8475210E-01  0.7014568E-01
   0.9084996E-01  0.7487318E-01
   0.9713604E-01  0.7965750E-01
   0.1036078      0.8448713E-01
   0.1102627      0.8935050E-01
   0.1170981      0.9423596E-01
   0.1241114      0.9913182E-01
   0.1313000      0.1040264    
   0.1386613      0.1089079    
   0.1461925      0.1137647    
   0.1538910      0.1185850    
   0.1617540      0.1233573    
   0.1697788      0.1280698    
   0.1779625      0.1327109    
   0.1863025      0.1372693    
   0.1947957      0.1417335    
   0.2034395      0.1460922    
   0.2122308      0.1503340    
   0.2211667      0.1544480    
   0.2302443      0.1584230    
   0.2394605      0.1622483    
   0.2488124      0.1659130    
   0.2582969      0.1694066    
   0.2679109      0.1727188    
   0.2776512      0.1758391    
   0.2875146      0.1787576    
   0.2974980      0.1814644    
   0.3075982      0.1839499    
   0.3178117      0.1862044    
   0.3281353      0.1882190    
   0.3385655      0.1899845    
   0.3490991      0.1914923    
   0.3597324      0.1927339    
   0.3704620      0.1937012    
   0.3812843      0.1943863    
   0.3921956      0.1947815    
   0.4031924      0.1948869    
   0.4142708      0.1948156    
   0.4254271      0.1946072    
   0.4366573      0.1942589    
   0.4479577      0.1937681    
   0.4593242      0.1931324    
   0.4707528      0.1923498    
   0.4822393      0.1914180    
   0.4937796      0.1903354    
   0.5053694      0.1891003    
   0.5170044      0.1877113    
   0.5286801      0.1861673    
   0.5403920      0.1844672    
   0.5521354      0.1826105    
   0.5639058      0.1805966    
   0.5756983      0.1784254    
   0.5875079      0.1760969    
   0.5993298      0.1736115    
   0.6111586      0.1709698    
   0.6229892      0.1681729    
   0.6348162      0.1652218    
   0.6466340      0.1621182    
   0.6584371      0.1588640    
   0.6702195      0.1554614    
   0.6819752      0.1519130    
   0.6936982      0.1482218    
   0.7053820      0.1443912    
   0.7170202      0.1404247    
   0.7286059      0.1363267    
   0.7401321      0.1321016    
   0.7515918      0.1277545    
   0.7629772      0.1232909    
   0.7742808      0.1187167    
   0.7854943      0.1140384    
   0.7966094      0.1092642    
   0.8076172      0.1043973    
   0.8185086      0.9944906E-01
   0.8292739      0.9443257E-01
   0.8399030      0.8935020E-01
   0.8503852      0.8421464E-01
   0.8607092      0.7903673E-01
   0.8708631      0.7382810E-01
   0.8808341      0.6860126E-01
   0.8906086      0.6336963E-01
   0.9001721      0.5814766E-01
   0.9095086      0.5295097E-01
   0.9186012      0.4779642E-01
   0.9274311      0.4270231E-01
   0.9359777      0.3768860E-01
   0.9442179      0.3277719E-01
   0.9521261      0.2799226E-01
   0.9596727      0.2336081E-01
   0.9668236      0.1891336E-01
   0.9735385      0.1468499E-01
   0.9797680      0.1071704E-01
   0.9854502      0.7056134E-02
   0.9905022      0.3775310E-02
   0.9948042      0.9590556E-03
   0.9981539     -0.1248047E-02
    1.000000     -0.2469808E-02
