Zone T="FFD_vol1" I=9 J=2 K=2
DATAPACKING=POINT
1.750878 -0.757028 0.000000 
1.721939 -0.665918 0.000000 
1.669625 -0.538793 0.000000 
1.602534 -0.417509 0.000000 
1.519845 -0.306397 0.000000 
1.421584 -0.209064 0.000000 
1.302982 -0.140017 0.000000 
1.169095 -0.107847 0.000000 
0.983214 -0.116170 0.000000 
1.741235 -0.768519 0.000000 
1.710672 -0.677960 0.000000 
1.655352 -0.552154 0.000000 
1.584731 -0.432920 0.000000 
1.498599 -0.324449 0.000000 
1.397648 -0.229882 0.000000 
1.277229 -0.163909 0.000000 
1.142806 -0.133838 0.000000 
0.976786 -0.123830 0.000000 
1.750878 -0.757028 0.100000 
1.721939 -0.665918 0.100000 
1.669625 -0.538793 0.100000 
1.602534 -0.417509 0.100000 
1.519845 -0.306397 0.100000 
1.421584 -0.209064 0.100000 
1.302982 -0.140017 0.100000 
1.169095 -0.107847 0.100000 
0.983214 -0.116170 0.100000 
1.741235 -0.768519 0.100000 
1.710672 -0.677960 0.100000 
1.655352 -0.552154 0.100000 
1.584731 -0.432920 0.100000 
1.498599 -0.324449 0.100000 
1.397648 -0.229882 0.100000 
1.277229 -0.163909 0.100000 
1.142806 -0.133838 0.100000 
0.976786 -0.123830 0.100000 
