    1.000000      0.7519284E-02
   0.9192682      0.5871167E-01
   0.7974777      0.1224684    
   0.6681232      0.1722520    
   0.5333592      0.2042170    
   0.3955222      0.2156183    
   0.2602852      0.1922751    
   0.1370434      0.1308581    
   0.3367452E-01  0.4638347E-01
   0.3031688E-01  0.1549045E-01
   0.1336119      0.9404928E-01
   0.2559149      0.1574189    
   0.3905671      0.1842845    
   0.5286873      0.1767315    
   0.6643915      0.1490027    
   0.7951328      0.1030585    
   0.9183770      0.4224441E-01
    1.000000     -0.7481558E-02
