1.000000000000000222e+00 2.428612866367529932e-17
1.000450450504066113e+00 -1.479545886142053911e-04
1.000889152484775169e+00 -2.633618233779128764e-04
1.001316044305624597e+00 -3.464697991937899422e-04
1.001731064330111609e+00 -3.975266109646008938e-04
1.002134150921733635e+00 -4.167803535930132718e-04
1.002525242443987663e+00 -4.044791219817283354e-04
1.002904277260370680e+00 -3.608710110334474521e-04
1.003271193734380340e+00 -2.862041156509108038e-04
1.003625930229513630e+00 -1.807265307368149877e-04
1.003968425109267759e+00 -4.468635119384670759e-05
1.004298616737139938e+00 1.216683280752391908e-04
1.004616443476627596e+00 3.180894121677948182e-04
1.004921843691227723e+00 5.443288061810944937e-04
1.005214755744437527e+00 8.001384152123932648e-04
1.005495117999754440e+00 1.085270144359013833e-03
1.005762868820675004e+00 1.399475898718298850e-03
1.006017946570697319e+00 1.742507583387454140e-03
1.006260289613318371e+00 2.114117103463773999e-03
1.006489836312034702e+00 2.514056364044630135e-03
1.006706525030344634e+00 2.942077270227228588e-03
1.006910294131744266e+00 3.397931727108930659e-03
1.007101081979731694e+00 3.881371639787001369e-03
1.007278826937803462e+00 4.392148913358715281e-03
1.007443467369457002e+00 4.930015452921415048e-03
1.007594941638190189e+00 5.494723163572315383e-03
1.007733188107499123e+00 6.086023950408760673e-03
1.007858145140881678e+00 6.703669718528071884e-03
1.007969751101834621e+00 7.347412373027496259e-03
1.008067944353856049e+00 8.017003819004324405e-03
1.008152663260442283e+00 8.712195961555842597e-03
1.008223846185090755e+00 9.432740705779376136e-03
1.008281431491298896e+00 1.017838995677222344e-02
1.008325357542563694e+00 1.094889561963165343e-02
1.008355562702382135e+00 1.174400959945493678e-02
1.008371985334252319e+00 1.256348380133942046e-02
1.008374563801670787e+00 1.340707013038235258e-02
1.008363236468134527e+00 1.427452049168105239e-02
1.008337941697141416e+00 1.516558679033278532e-02
1.008298617852188217e+00 1.608002093143487757e-02
1.008245203296772141e+00 1.701757482008458069e-02
1.008177636394390175e+00 1.797800036137923302e-02
1.008095855508540417e+00 1.896104946041609826e-02
1.007999799002719410e+00 1.996647402229246790e-02
1.007889405240424585e+00 2.099402595210564729e-02
1.007764612585152930e+00 2.204345715495292096e-02
1.007625359400401432e+00 2.311451953593159081e-02
1.007471584049668190e+00 2.420696500013892055e-02
1.007303224896449301e+00 2.532054545267224330e-02
1.007120220304243086e+00 2.645501279862885052e-02
1.006922508636545865e+00 2.761011894310597473e-02
1.006710028256855072e+00 2.878561579120100453e-02
1.006482717528668580e+00 2.998125524801113426e-02
1.006240514815482934e+00 3.119678921863373172e-02
1.005983358480795120e+00 3.243196960816603636e-02
1.005711186888103015e+00 3.368654832170538821e-02
1.005423938400903161e+00 3.496027726434904059e-02
1.005121551382693657e+00 3.625290834119428846e-02
1.004803964196970822e+00 3.756419345733844756e-02
1.004471115207232534e+00 3.889388451787881285e-02
1.004122942776975114e+00 4.024173342791263763e-02
1.003759385269696880e+00 4.160749209253725850e-02
1.003380381048894376e+00 4.299091241684997039e-02
1.002985868478065035e+00 4.439174630594798499e-02
1.002575785920705842e+00 4.580974566492871519e-02
1.002150071740314452e+00 4.724466239888937963e-02
1.001708664300387186e+00 4.869624841292725936e-02
1.001251501964422586e+00 5.016425561213969792e-02
1.000778523095916750e+00 5.164843590162394860e-02
1.000289666058367555e+00 5.314854118647735493e-02
9.997848692152716543e-01 5.466432337179711470e-02
9.992640709301268132e-01 5.619553436268062696e-02
9.987272095664296856e-01 5.774192606422506868e-02
9.981742234876779252e-01 5.930325038152789441e-02
9.976050510573686303e-01 6.087925921968621867e-02
9.970196306389986773e-01 6.246970448379748214e-02
9.964179005960657198e-01 6.407433807895887568e-02
9.957997992920670782e-01 6.569291191026772891e-02
9.951652650904994069e-01 6.732517788282132987e-02
9.945142363548601372e-01 6.897088790171698736e-02
9.938466514486470338e-01 7.062979387205198245e-02
9.931624487353563069e-01 7.230164769892362397e-02
9.924615665784859431e-01 7.398620128742913749e-02
9.917439433415329297e-01 7.568320654266591507e-02
9.910095173879943653e-01 7.739241536973116842e-02
9.902582270813674592e-01 7.911357967372224798e-02
9.894900107851496429e-01 8.084645135973640706e-02
9.887048068628380149e-01 8.259078233287092674e-02
9.879025536779298955e-01 8.434632449822317135e-02
9.870831895939221612e-01 8.611282976089033869e-02
9.862466529743122434e-01 8.789005002596980698e-02
9.853928821825972406e-01 8.967773719855881565e-02
9.845218155822748063e-01 9.147564318375467352e-02
9.836333915368417058e-01 9.328351988665470329e-02
9.827275484097949265e-01 9.510111921235611665e-02
9.818042245646324551e-01 9.692819306595629181e-02
9.808633583648508347e-01 9.876449335255244044e-02
9.799048881739474970e-01 1.006097719772419269e-01
9.789287523554198733e-01 1.024637808451220183e-01
9.779348892727646181e-01 1.043262718612900097e-01
9.769232372894796068e-01 1.061969969308431683e-01
9.758937347690612718e-01 1.080757079588788305e-01
9.748463200750077107e-01 1.099621568504942776e-01
9.737809315708154667e-01 1.118560955107867350e-01
9.726975076199821935e-01 1.137572758448535948e-01
9.715959865860048783e-01 1.156654497577921520e-01
9.704763068323807307e-01 1.175803691546995905e-01
9.693384067226066270e-01 1.195017859406732469e-01
9.681822246201806648e-01 1.214294520208104716e-01
9.670076988885993874e-01 1.233631193002084764e-01
9.658147678913597822e-01 1.253025396839646255e-01
9.646033699919598359e-01 1.272474650771761862e-01
9.633734435538963137e-01 1.291976473849404394e-01
9.621249269406665361e-01 1.311528385123547358e-01
9.608577585157673795e-01 1.331127903645162036e-01
9.595718766426963864e-01 1.350772548465223877e-01
9.582672196849508772e-01 1.370459838634703054e-01
9.569437260060277284e-01 1.390187293204574459e-01
9.556013339694243713e-01 1.409952431225810765e-01
9.542399819386377935e-01 1.429752771749383811e-01
9.528596082771655373e-01 1.449585833826268211e-01
9.514601513485045903e-01 1.469449136507434972e-01
9.500415495161523838e-01 1.489340198843858709e-01
9.486037411436059053e-01 1.509256539886511261e-01
9.471466645943622531e-01 1.529195678686366133e-01
9.456702582319187478e-01 1.549155134294395442e-01
9.441744604197729318e-01 1.569132425761572969e-01
9.426592095214216815e-01 1.589125072138871664e-01
9.411244439003620954e-01 1.609130592477263921e-01
9.395701019200918269e-01 1.629146505827722691e-01
9.379961219441078635e-01 1.649170331241222587e-01
9.364024423359071925e-01 1.669199587768732951e-01
9.347890014589872454e-01 1.689231794461230063e-01
9.331557376768452317e-01 1.709264470369685485e-01
9.315025893529782497e-01 1.729295134545071888e-01
9.298294948508835089e-01 1.749321306038363055e-01
9.281363925340585519e-01 1.769340503900530825e-01
9.264232207660005880e-01 1.789350247182549258e-01
9.246899179102060495e-01 1.809348054935390471e-01
9.229364223301727010e-01 1.829331446210027412e-01
9.211626723893979740e-01 1.849297940057434142e-01
9.193686064513788558e-01 1.869245055528582500e-01
9.175541628796125559e-01 1.889170311674444602e-01
9.157192800375962838e-01 1.909071227545995897e-01
9.138638962888270267e-01 1.928945322194207113e-01
9.119879499968022163e-01 1.948790114670051477e-01
9.100913795250193949e-01 1.968603124024503326e-01
9.081741232369754391e-01 1.988381869308533112e-01
9.062361194961672251e-01 2.008123869573116005e-01
9.042773066660922954e-01 2.027826643869223844e-01
9.022976231102479705e-01 2.047487711247830133e-01
9.002970071921313489e-01 2.067104590759907823e-01
8.982753972752397509e-01 2.086674801456429307e-01
8.962327317230702750e-01 2.106195862388366979e-01
8.941689488991201307e-01 2.125665292606695456e-01
8.920839871668864163e-01 2.145080611162386575e-01
8.899777848898667854e-01 2.164439337106413563e-01
8.878502804315577812e-01 2.183738989489748816e-01
8.857014121554571684e-01 2.202977087363365283e-01
8.835311184250618233e-01 2.222151149778236745e-01
8.813393376038692884e-01 2.241258695785336152e-01
8.791260080553765510e-01 2.260297244435635622e-01
8.768910681430808207e-01 2.279264314780108380e-01
8.746344562304790848e-01 2.298157425869725989e-01
8.723561106810689969e-01 2.316974096755463619e-01
8.700559698583478774e-01 2.335711846488294774e-01
8.677339721258122696e-01 2.354368194119189350e-01
8.653900558469598270e-01 2.372940658699121963e-01
8.630241593852879811e-01 2.391426759279065839e-01
8.606362211042932753e-01 2.409824014909993095e-01
8.582261793674733630e-01 2.428129944642876681e-01
8.557939725383256757e-01 2.446342067528691488e-01
8.533395389803468678e-01 2.464457902618407137e-01
8.508628170570344817e-01 2.482474968962998796e-01
8.483637451318855049e-01 2.500390785613438305e-01
8.458422615683974799e-01 2.518202871620700001e-01
8.432983047300677271e-01 2.535908746035756001e-01
8.407318129803926787e-01 2.553505927909578421e-01
8.381427246828705435e-01 2.570991936293141600e-01
8.355309782009978647e-01 2.588364290237417653e-01
8.328965118982718518e-01 2.605620508793378698e-01
8.302392641381900473e-01 2.622758111012000182e-01
8.275591732842496606e-01 2.639774615944252556e-01
8.248561776999475681e-01 2.656667542641109603e-01
8.221302157487810902e-01 2.673434410153544549e-01
8.193812257942478805e-01 2.690072737532530067e-01
8.166091461998445933e-01 2.706580043829039384e-01
8.138139153290684380e-01 2.722953848094044060e-01
8.109954715454168461e-01 2.739191669378518990e-01
8.081537532123874712e-01 2.755291026733436288e-01
8.052886986934766345e-01 2.771249439209768628e-01
8.024002463521819895e-01 2.787064425858488681e-01
7.994883348581264260e-01 2.802733507134111957e-01
7.965529941399901448e-01 2.818254621900695978e-01
7.935944725202384031e-01 2.833626710326138110e-01
7.906130503072371640e-01 2.848848859229044517e-01
7.876090078093507252e-01 2.863920155428023029e-01
7.845826253349448276e-01 2.878839685741681476e-01
7.815341831923854343e-01 2.893606536988629907e-01
7.784639616900373982e-01 2.908219795987473932e-01
7.753722411362663491e-01 2.922678549556820826e-01
7.722593018394372510e-01 2.936981884515281749e-01
7.691254241079162890e-01 2.951128887681464530e-01
7.659708882500679827e-01 2.965118645873974779e-01
7.627959745742580733e-01 2.978950245911420880e-01
7.596009633888517465e-01 2.992622774612411773e-01
7.563861350022147434e-01 3.006135318795553624e-01
7.531517697227121388e-01 3.019486965279457591e-01
7.498981478587098959e-01 3.032676800882730950e-01
7.466255497185722012e-01 3.045703912423979309e-01
7.433342556106655730e-01 3.058567386721812165e-01
7.400245458433550860e-01 3.071266310594837901e-01
7.366967007250060373e-01 3.083799770861664902e-01
7.333510005639833906e-01 3.096166854340898777e-01
7.299877256686532201e-01 3.108366647851151243e-01
7.266071563473804895e-01 3.120398238211026798e-01
7.232095729085307179e-01 3.132260712239134937e-01
7.197952556604694241e-01 3.143953156754083489e-01
7.163644849115615720e-01 3.155474658574481395e-01
7.129175409701729027e-01 3.166824304518935373e-01
7.094547041446687130e-01 3.178001181406053255e-01
7.059762547434141888e-01 3.189004376054444534e-01
7.024824730747749602e-01 3.199832975282715375e-01
6.989736394471163239e-01 3.210486065909474718e-01
6.954500341688036880e-01 3.220962734753331502e-01
6.919119375482024603e-01 3.231262068632893003e-01
6.883596298936777158e-01 3.241383154366766495e-01
6.847933915135954175e-01 3.251325078773560362e-01
6.812135027163201961e-01 3.261086928671882434e-01
6.776202438102181258e-01 3.270667790880342207e-01
6.740138951036541703e-01 3.280066752217545845e-01
6.703947369049938487e-01 3.289282899502102286e-01
6.667630495226027909e-01 3.298315319552618807e-01
6.631191132648458497e-01 3.307163099187704347e-01
6.594632084400886551e-01 3.315825325225966180e-01
6.557956153566966151e-01 3.324301084486012137e-01
6.521166143230350265e-01 3.332589463786450601e-01
6.484264856474695193e-01 3.340689549945891068e-01
6.447255096383651685e-01 3.348600429782939147e-01
6.410139666040874928e-01 3.356321190116203224e-01
6.372921368530017894e-01 3.363850917764292237e-01
6.335603006934735770e-01 3.371188699545814016e-01
6.298187384338679307e-01 3.378333622279375836e-01
6.260677303825510354e-01 3.385284772783587193e-01
6.223075568478871888e-01 3.392041237877054805e-01
6.185384981382422431e-01 3.398602104378385946e-01
6.147608345619817172e-01 3.404966459106191223e-01
6.109748464274710189e-01 3.411133388879076245e-01
6.071808140430753342e-01 3.417101980515650506e-01
6.033790177171600710e-01 3.422871320834519615e-01
5.995697377580905263e-01 3.428440496654295289e-01
5.957532544742323299e-01 3.433808594793582025e-01
5.919298481739507789e-01 3.438974702070990985e-01
5.880997991656108370e-01 3.443937905305126668e-01
5.842633877575786894e-01 3.448697291314600233e-01
5.804208942582188557e-01 3.453251946918017845e-01
5.765725989758975212e-01 3.457600958933987889e-01
5.727187822189794275e-01 3.461743414181119305e-01
5.688597242958300937e-01 3.465678399478018812e-01
5.649957055148151497e-01 3.469405001643294795e-01
5.611270061842997814e-01 3.472922307495555638e-01
5.572539066126495078e-01 3.476229403853409172e-01
5.533766871082295147e-01 3.479325377535462671e-01
5.494956279794052101e-01 3.482209315360325075e-01
5.456110095345422240e-01 3.484880304146604768e-01
5.417231120820055201e-01 3.487337430712908470e-01
5.378322159301608396e-01 3.489579781877844566e-01
5.339386013873735903e-01 3.491606444460021441e-01
5.300425487620087361e-01 3.493416505278047479e-01
5.261443383624320180e-01 3.495009051150529400e-01
5.222442504970085109e-01 3.496383168896076143e-01
5.183425654741041777e-01 3.497537945333296094e-01
5.144395636020839824e-01 3.498472467280796527e-01
5.105355251893131108e-01 3.499185821557185272e-01
5.066307305441570819e-01 3.499677094981070158e-01
5.027254599749814146e-01 3.499945374371060125e-01
4.988199937901516279e-01 3.499989754941633668e-01
4.949146122980327411e-01 3.499809970386897340e-01
4.910095958069903843e-01 3.499406830436350146e-01
4.871052246253898543e-01 3.498781248271384814e-01
4.832017790615963926e-01 3.497934137073392957e-01
4.792995394239756846e-01 3.496866410023767302e-01
4.753987860208927496e-01 3.495578980303898908e-01
4.714997991607133287e-01 3.494072761095179946e-01
4.676028591518026079e-01 3.492348665579002032e-01
4.637082463025257728e-01 3.490407606936757334e-01
4.598162409212488977e-01 3.488250498349840245e-01
4.559271233163362802e-01 3.485878252999639604e-01
4.520411737961542720e-01 3.483291784067548691e-01
4.481586726690678368e-01 3.480492004734958011e-01
4.442799002434422717e-01 3.477479828183262511e-01
4.404051368276431511e-01 3.474256167593851585e-01
4.365346627300357163e-01 3.470821936148118514e-01
4.326687582589855419e-01 3.467178047027455468e-01
4.288077037228579247e-01 3.463325413413252951e-01
4.249517794300179396e-01 3.459264948486904800e-01
4.211012656888314387e-01 3.454997565429800965e-01
4.172564428076634413e-01 3.450524177423336392e-01
4.134175910948796329e-01 3.445845697648900474e-01
4.095849908588453103e-01 3.440963039287885938e-01
4.057589224079254375e-01 3.435877115521684400e-01
4.019396660504860330e-01 3.430588839531689693e-01
3.981275020948919496e-01 3.425099124499291214e-01
3.943227108495089284e-01 3.419408883605884464e-01
3.905255726227021551e-01 3.413519030032857171e-01
3.867363677228370933e-01 3.407430476961603172e-01
3.829553764582791509e-01 3.401144137573515747e-01
3.791828791373935137e-01 3.394660925049985400e-01
3.754191560685458673e-01 3.387981752572404859e-01
3.716644875601011755e-01 3.381107533322165182e-01
3.679191539204252348e-01 3.374039180480659650e-01
3.641834354578833977e-01 3.366777607229279878e-01
3.604576124808406279e-01 3.359323726749416927e-01
3.567419652976626665e-01 3.351678452222462967e-01
3.530367742167148104e-01 3.343842696829811278e-01
3.493423195463625230e-01 3.335817373752853476e-01
3.456588815949709903e-01 3.327603396172980621e-01
3.419867406709056201e-01 3.319201677271584883e-01
3.383261770825320425e-01 3.310613130230058987e-01
3.346774711382152212e-01 3.301838668229795104e-01
3.310409031463209528e-01 3.292879204452184294e-01
3.274167534152145342e-01 3.283735652078619283e-01
3.238053022532609293e-01 3.274408924290490575e-01
3.202068299688261566e-01 3.264899934269193116e-01
3.166216168702749023e-01 3.255209595196114636e-01
3.130499432659732406e-01 3.245338820252651746e-01
3.094920894642863018e-01 3.235288522620194396e-01
3.059483357735790499e-01 3.225059615480132535e-01
3.024189625022173922e-01 3.214653012013862221e-01
2.989042499585664592e-01 3.204069625402772292e-01
2.954044784509917143e-01 3.193310368828256030e-01
2.919199282878585655e-01 3.182376155471706158e-01
2.884508797775321987e-01 3.171267898514512074e-01
2.849976132283782992e-01 3.159986511138068721e-01
2.815604089487619421e-01 3.148532906523766051e-01
2.781395472470487573e-01 3.136907997852996788e-01
2.747353084316039862e-01 3.125112698307153658e-01
2.713479728107930367e-01 3.113147921067628277e-01
2.679778206929812057e-01 3.101014579315811703e-01
2.646251323865339566e-01 3.088713586233095554e-01
2.612901881998167530e-01 3.076245855000874774e-01
2.579732684411947252e-01 3.063612298800537093e-01
2.546746534190336697e-01 3.050813830813479122e-01
2.513946234416986614e-01 3.037851364221089701e-01
2.481334588175548306e-01 3.024725812204761555e-01
2.448914398549681404e-01 3.011438087945887410e-01
2.416688468623034991e-01 2.997989104625857215e-01
2.384659601479266477e-01 2.984379775426065917e-01
2.352830600202027722e-01 2.970611013527904021e-01
2.321204267874970861e-01 2.956683732112762586e-01
2.289783407581753583e-01 2.942598844362036004e-01
2.258570822406025524e-01 2.928357263457113113e-01
2.227569315431443819e-01 2.913959902579388861e-01
2.196781689741661991e-01 2.899407674910253752e-01
2.166210748420330789e-01 2.884701493631099956e-01
2.135859294551107346e-01 2.869842271923319643e-01
2.105730131217642687e-01 2.854830922968304430e-01
2.075826061503593389e-01 2.839668359947447041e-01
2.046149888492612146e-01 2.824355496042139091e-01
2.016704415268350536e-01 2.808893244433771641e-01
1.987492399870749160e-01 2.793282538955629835e-01
1.958515116952988522e-01 2.777524993552310528e-01
1.929772056165534877e-01 2.761623040566276166e-01
1.901262601143357822e-01 2.745579160946554076e-01
1.872986135521428619e-01 2.729395835642171586e-01
1.844942042934722692e-01 2.713075545602154914e-01
1.817129707018208806e-01 2.696620771775531389e-01
1.789548511406861553e-01 2.680033995111329448e-01
1.762197839735651084e-01 2.663317696558574199e-01
1.735077075639551436e-01 2.646474357066292971e-01
1.708185602753534149e-01 2.629506457583515311e-01
1.681522804712569097e-01 2.612416479059263552e-01
1.655088065151631704e-01 2.595206902442570573e-01
1.628880767705691290e-01 2.577880208682458152e-01
1.602900296009722725e-01 2.560438878727957501e-01
1.577146033698696437e-01 2.542885393528092619e-01
1.551617364407584243e-01 2.525222234031892499e-01
1.526313671771359071e-01 2.507451881188383913e-01
1.501234339424991904e-01 2.489576815946592248e-01
1.476378751003457335e-01 2.471599519255547328e-01
1.451746290141725515e-01 2.453522472064273707e-01
1.427336340474767429e-01 2.435348155321800379e-01
1.403148285637558224e-01 2.417079049977153837e-01
1.379181509265067218e-01 2.398717636979359469e-01
1.355435394992269282e-01 2.380266397277447654e-01
1.331909326454134568e-01 2.361727811820443224e-01
1.308602687285634891e-01 2.343104361557372950e-01
1.285514861121744290e-01 2.324398527437264717e-01
1.262645231597432083e-01 2.305612790409145019e-01
1.239993182347673278e-01 2.286749631422041740e-01
1.217558097007439000e-01 2.267811531424983040e-01
1.195339359211699815e-01 2.248800971366992085e-01
1.173336352595430454e-01 2.229720432197100921e-01
1.151548460793600792e-01 2.210572394864332713e-01
1.129975067441184589e-01 2.191359340317716176e-01
1.108615556173153105e-01 2.172083749506278916e-01
1.087469310624477603e-01 2.152748103379045486e-01
1.066535714430132675e-01 2.133354882885047099e-01
1.045814151225087224e-01 2.113906568973306366e-01
1.025304004644316536e-01 2.094405642592853667e-01
1.005004658322790900e-01 2.074854584692714110e-01
9.849154958954821348e-02 2.055255876221915856e-01
9.650359009973639990e-02 2.035611998129485956e-01
9.453652572634065054e-02 2.015925431364450349e-01
9.259029483285841078e-02 1.996198656875838584e-01
9.066483578278666799e-02 1.976434155612673826e-01
8.876008693962279816e-02 1.956634408523987567e-01
8.687598666686398297e-02 1.936801896558804359e-01
8.501247332800729306e-02 1.916939100666149587e-01
8.316948528655017381e-02 1.897048501795054742e-01
8.134696090598961260e-02 1.877132580894543268e-01
7.954483854982301316e-02 1.857193818913644157e-01
7.776305658154747391e-02 1.837234696801384459e-01
7.600155336466013489e-02 1.817257695506789283e-01
7.426026726265839983e-02 1.797265295978887345e-01
7.253913663903928388e-02 1.777259979166705417e-01
7.083809985730017689e-02 1.757244226019271105e-01
6.915709528093826053e-02 1.737220517485610627e-01
6.749606127345056383e-02 1.717191334514751311e-01
6.585493619833450440e-02 1.697159158055720207e-01
6.423365841908716678e-02 1.677126469057543812e-01
6.263216629920589917e-02 1.657095748469252228e-01
6.105039820218780694e-02 1.637069477239868620e-01
5.948829249153005094e-02 1.617050136318421150e-01
5.794578753073000021e-02 1.597040206653938255e-01
5.642282168328469072e-02 1.577042169195445043e-01
5.491933331269151231e-02 1.557058504891971062e-01
5.343526078244757727e-02 1.537091694692541699e-01
5.197054245605004646e-02 1.517144219546183448e-01
5.052511669699626118e-02 1.497218560401925025e-01
4.909892186878329901e-02 1.477317198208791815e-01
4.769189633490848734e-02 1.457442613915813090e-01
4.630397845886894542e-02 1.437597288472013402e-01
4.493510660416197983e-02 1.417783702826421743e-01
4.358521913428476530e-02 1.398004337928064889e-01
4.225425441273442106e-02 1.378261674725968222e-01
4.094215080300830228e-02 1.358558194169161848e-01
3.964884666860347961e-02 1.338896377206669208e-01
3.837428037301732209e-02 1.319278704787520962e-01
3.711839027974696281e-02 1.299707657860742216e-01
3.588111475228952796e-02 1.280185717375359467e-01
3.466239215414237962e-02 1.260715364280401429e-01
3.346216084880260233e-02 1.241299079524893767e-01
3.228035919976751655e-02 1.221939344057865334e-01
3.111692557053429009e-02 1.202638638828341655e-01
2.997179832460007340e-02 1.183399444785349641e-01
2.884491582546217306e-02 1.164224242877917592e-01
2.773621643661770136e-02 1.145115514055070477e-01
2.664563852156401000e-02 1.126075739265838677e-01
2.557312044379820085e-02 1.107107399459247160e-01
2.451860056681746600e-02 1.088212975584322006e-01
2.348201725411912938e-02 1.069394948590092903e-01
2.246330886920027553e-02 1.050655799425584264e-01
2.146241377555821797e-02 1.031998009039825220e-01
2.047927033669014879e-02 1.013424058381842824e-01
1.951381691609319763e-02 9.949364284006619041e-02
1.856599187726468494e-02 9.765376000453122873e-02
1.763573358370173344e-02 9.582300542648188035e-02
1.672298039890163235e-02 9.400162720082100298e-02
1.582767068636156682e-02 9.218987342245131555e-02
1.494974280957868384e-02 9.038799218627534271e-02
1.408913513205029694e-02 8.859623158719602543e-02
1.324578601727353401e-02 8.681483972011584671e-02
1.241963382874568603e-02 8.504406467993771979e-02
1.161061692996390692e-02 8.328415456156425256e-02
1.081867368442539570e-02 8.153535745989805295e-02
1.004374245562742948e-02 7.979792146984206191e-02
9.285761607067136159e-03 7.807209468629874860e-02
8.544669502241808434e-03 7.635812520417102622e-02
7.820404504648593297e-03 7.465626111836143330e-02
7.112904977784764368e-03 7.296675052377279980e-02
6.422109285147498126e-03 7.128984151530783075e-02
5.747955790233967577e-03 6.962578218786903694e-02
5.090382856541471497e-03 6.797482063635942873e-02
4.449328847567134322e-03 6.633720495568143360e-02
3.824732126808235745e-03 6.471318324073796480e-02
3.216531057761971325e-03 6.310300358643169960e-02
2.624664003925494989e-03 6.150691408766516960e-02
2.049069328796107245e-03 5.992516283934132965e-02
1.489685395870942071e-03 5.835799793636262806e-02
9.464505686472713536e-04 5.680566747363201968e-02
4.193032106222845806e-04 5.526841954605213325e-02
-9.181831470683916863e-05 5.374650224852552810e-02
-5.869756438428384154e-04 5.224016367595512439e-02
-1.066230413288541887e-03 5.074965192324343982e-02
-1.529644259546695043e-03 4.927521508529337374e-02
-1.977278819120105793e-03 4.781710125700752712e-02
-2.409195728511599396e-03 4.637555853328856337e-02
-2.825456624223900495e-03 4.495083500903929857e-02
-3.226123142759855164e-03 4.354317877916229901e-02
-3.611256920622205394e-03 4.215283793856045708e-02
-3.980919594313766033e-03 4.078006058213633905e-02
-4.335172800337324175e-03 3.942509480479269163e-02
-4.674078175195658241e-03 3.808818870143224067e-02
-4.997697355391569202e-03 3.676959036695760102e-02
-5.306091977427821599e-03 3.546954789627164428e-02
-5.599323677807245894e-03 3.418830938427692978e-02
-5.877454093032577140e-03 3.292612292587632217e-02
-6.140544859606640593e-03 3.168323661597236690e-02
-6.388657614032223347e-03 3.045989854946782455e-02
-6.621853992812107292e-03 2.925635682126541057e-02
-6.840195632449070848e-03 2.807285952626789247e-02
-7.043744169445914985e-03 2.690965475937788856e-02
-7.232561240305409450e-03 2.576699061549817329e-02
-7.406708481530372562e-03 2.464511518953142050e-02
-7.566247529623586210e-03 2.354427657638021726e-02
-7.711240021087814936e-03 2.246472287094750456e-02
-7.841747592425864916e-03 2.140670216813587989e-02
-7.957831880140524977e-03 2.037046256284805873e-02
-8.059554520734575275e-03 1.935625214998672183e-02
-8.146977150710823720e-03 1.836431902445446324e-02
-8.220161406572033119e-03 1.739491128115425514e-02
-8.279168924821004444e-03 1.644827701498865688e-02
-8.324061341960529992e-03 1.552466432086040127e-02
-8.354900294493386448e-03 1.462432129367218295e-02
-8.371747418922374784e-03 1.374749602832659769e-02
-8.374664351750275154e-03 1.289443661972657432e-02
-8.363712729479888530e-03 1.206539116277467044e-02
-8.338954188613984658e-03 1.126060775237369346e-02
-8.300450365655364510e-03 1.048033448342624609e-02
-8.248262897106801300e-03 9.724819450835017753e-03
-8.182453419471092532e-03 8.994310749502860969e-03
-8.103083569251056523e-03 8.289056474332368030e-03
-8.010214982949435264e-03 7.609304720226302103e-03
-7.903909297069036666e-03 6.955303582087361304e-03
-7.784228148112637413e-03 6.327301154818162215e-03
-7.651233172583048886e-03 5.725545533321559945e-03
-7.504986006983051239e-03 5.150284812500175412e-03
-7.345548287815431565e-03 4.601767087256728415e-03
-7.172981651582980428e-03 4.080240452493940490e-03
-6.987347734788450226e-03 3.585953003114454238e-03
-6.788708173934687035e-03 3.119152834021088772e-03
-6.577124605524457129e-03 2.680088040116487130e-03
-6.352658666060537196e-03 2.269006716303374749e-03
-6.115371992045735144e-03 1.886156957484404857e-03
-5.865326219982786027e-03 1.531786858562337369e-03
-5.602582986374563673e-03 1.206144514439873869e-03
-5.327203927723796195e-03 9.094780200197548651e-04
-5.039250680533301913e-03 6.420354702046284900e-04
-4.738784881305854041e-03 4.040649598972108022e-04
-4.425868166544201510e-03 1.958145840002374573e-04
-4.100562172751221618e-03 1.753243741638571280e-05
-3.762928536429649418e-03 -1.305333849515990857e-04
-3.413028894082278941e-03 -2.481347882010348288e-04
-3.050924882211893813e-03 -3.350236774292053360e-04
-2.676678137321256840e-03 -3.909519577334624740e-04
-2.290350295913221035e-03 -4.156715342109928773e-04
-1.892002994490538798e-03 -4.089343119591290054e-04
-1.481697869556014568e-03 -3.704921960752227249e-04
-1.059496557612362583e-03 -3.000970916564898896e-04
-6.254606951624983036e-04 -1.975009038002628506e-04
-1.796519187091186187e-04 -6.245553760381577786e-05
2.778731395230728241e-04 1.052661575117461504e-04
7.471314707585707425e-04 3.055831971017227517e-04
1.228196106422130632e-03 5.381800525835298433e-04
1.721141483265675124e-03 8.027353136806881454e-04
2.226042038041321520e-03 1.098927570116864068e-03
2.742972207501107648e-03 1.426435411615656042e-03
3.272006428397080877e-03 1.784937427900701312e-03
3.813219137481366205e-03 2.174112208695686346e-03
4.366684771505858348e-03 2.593638343724053233e-03
4.932477767222708323e-03 3.043194422709565201e-03
5.510672561383930107e-03 3.522459035375802468e-03
6.101343590741586248e-03 4.031110771446381677e-03
6.704565292047802612e-03 4.568828220644991465e-03
7.320412102054472611e-03 5.135289972695129650e-03
7.948958457513727316e-03 5.730174617320452773e-03
8.590278795177602386e-03 6.353160744244610442e-03
9.244447551798165574e-03 7.003926943191219300e-03
9.911539164127515858e-03 7.682151803883958442e-03
1.059162806891756833e-02 8.387513916046323084e-03
1.128478870292043065e-02 9.119691869401943748e-03
1.199109550288817751e-02 9.878364253674516010e-03
1.271062290557283675e-02 1.066320965858761835e-02
1.344344534772654205e-02 1.147390667386497323e-02
1.418963726610117729e-02 1.231013388923003077e-02
1.494927309744888133e-02 1.317156989440647352e-02
1.572242727852169245e-02 1.405789327911794416e-02
1.650917424607166104e-02 1.496878263308803678e-02
1.730958843685094159e-02 1.590391654604051200e-02
1.812374428761136247e-02 1.686297360769873493e-02
1.895171623510509898e-02 1.784563240778645407e-02
1.979357871608419805e-02 1.885157153602731034e-02
2.064940616730069969e-02 1.988046958214489610e-02
2.151927302550672369e-02 2.093200513586291819e-02
2.240325372745417820e-02 2.200585678690484409e-02
2.330142270989515874e-02 2.310170312499434248e-02
2.421385440958173652e-02 2.421922273985505081e-02
2.514062326326597235e-02 2.535809422121059961e-02
2.608180370769999298e-02 2.651799615878474084e-02
2.703747017963564064e-02 2.769860714230078236e-02
2.800769711582509758e-02 2.889960576148255592e-02
2.899255895302038644e-02 3.012067060605361918e-02
2.999213012797354722e-02 3.136148026573760267e-02
3.100648507743675175e-02 3.262171333025827569e-02
3.203569823816183187e-02 3.390104838933901549e-02
3.307984404690095942e-02 3.519916403270351851e-02
3.413899694040615357e-02 3.651573885007542569e-02
3.521323135542945432e-02 3.785045143117833633e-02
3.630262172872307513e-02 3.920298036573607176e-02
3.740724249703879234e-02 4.057300424347191903e-02
3.852716809712879165e-02 4.196020165410965092e-02
3.966247296574508530e-02 4.336425118737287365e-02
4.081323153963976880e-02 4.478483143298524205e-02
4.197951825556499317e-02 4.622162098067048724e-02
4.316140755027254861e-02 4.767429842015194486e-02
4.435897386051462776e-02 4.914254234115340847e-02
4.557229162304327064e-02 5.062603133339843575e-02
4.680143527461064906e-02 5.212444398661085498e-02
4.804647925196856018e-02 5.363745889051396015e-02
4.930749799186917581e-02 5.516475463483153791e-02
5.058456593106454985e-02 5.670600980928720142e-02
5.187775750630672922e-02 5.826090300360453611e-02
5.318714715434790657e-02 5.982911280750735639e-02
5.451280931193983048e-02 6.141031781071894929e-02
5.585481841583471441e-02 6.300419660296310842e-02
5.721324890278459835e-02 6.461042777396344694e-02
5.858817520954150149e-02 6.622868991344355027e-02
5.997967177285765811e-02 6.785866161112726058e-02
6.138781302948482371e-02 6.950002145673785103e-02
6.281267341617519095e-02 7.115244803999909440e-02
6.425432736968075820e-02 7.281561995063456916e-02
6.571284932675365564e-02 7.448921577836799257e-02
6.718831372414604819e-02 7.617291411292309578e-02
6.868079499860964277e-02 7.786639354402313806e-02
7.019036758689667366e-02 7.956933266139191996e-02
7.171710592575919474e-02 8.128141005475308933e-02
7.326108445194923213e-02 8.300230431383023855e-02
7.482237760221902012e-02 8.473169402834718200e-02
7.640105981332027951e-02 8.646925778802716511e-02
7.799720552200521684e-02 8.821467418259404392e-02
7.961088916502585822e-02 8.996762180177132751e-02
8.124218517913427140e-02 9.172777923528271926e-02
8.289116800108270455e-02 9.349482507285201971e-02
8.455791206762282297e-02 9.526843790420244651e-02
8.624249181550683319e-02 9.704829631905781406e-02
8.794498168148684458e-02 9.883407890714177024e-02
8.966545610231482777e-02 1.006254642581778797e-01
9.140398951474308642e-02 1.024221309618900261e-01
9.316065635552327195e-02 1.042237576080013300e-01
9.493553106140759090e-02 1.060300227862357447e-01
9.672868806914816653e-02 1.078406050863168208e-01
9.854020181549694168e-02 1.096551830979681230e-01
1.003701467372062617e-01 1.114734354109135905e-01
1.022185972710277502e-01 1.132950406148763439e-01
1.040856278537135859e-01 1.151196772995802392e-01
1.059713129220158923e-01 1.169470240547488965e-01
1.078757269126866952e-01 1.187767594701059498e-01
1.097989442624782708e-01 1.206085621353751858e-01
1.117410394081421871e-01 1.224421106402798221e-01
1.137020867864307894e-01 1.242770835745437008e-01
1.156821608340960761e-01 1.261131595278904838e-01
1.176813359878900733e-01 1.279500170900437217e-01
1.196996866845651264e-01 1.297873348507272429e-01
1.217372873608727757e-01 1.316247913996642926e-01
1.237942124535652832e-01 1.334620653265786439e-01
1.258705363993947723e-01 1.352988352211939582e-01
1.279663336351131719e-01 1.371347796732338420e-01
1.300816785974728829e-01 1.389695772724221512e-01
1.322166457232254178e-01 1.408029066084820480e-01
1.343713094491230942e-01 1.426344462711373606e-01
1.365457442119179521e-01 1.444638748501117509e-01
1.387400244483620593e-01 1.462908709351288528e-01
1.409542245952076500e-01 1.481151131159123835e-01
1.431884190892063202e-01 1.499362799821856440e-01
1.454426823671103319e-01 1.517540501236724071e-01
1.477170888656717807e-01 1.535681021300963345e-01
1.500117130216426786e-01 1.553781145911810047e-01
1.523266292717753712e-01 1.571837660966503292e-01
1.546619120528214264e-01 1.589847352362274424e-01
1.570176358015329676e-01 1.607807005996361172e-01
1.593938749546622291e-01 1.625713407766001262e-01
1.617907039489611953e-01 1.643563343568429369e-01
1.642081972211821839e-01 1.661353599300884609e-01
1.666464292080767629e-01 1.679080960860598881e-01
1.691054743463971111e-01 1.696742214144810190e-01
1.715854070728953795e-01 1.714334145050755431e-01
1.740863018243238858e-01 1.731853539475671222e-01
1.766082330374341147e-01 1.749297183316791959e-01
1.791512751489783839e-01 1.766661862471354261e-01
1.817155025957087888e-01 1.783944362836594466e-01
1.843009898143772585e-01 1.801141470309749471e-01
1.869078112417362769e-01 1.818249970788057002e-01
1.895360413145372180e-01 1.835266650168749514e-01
1.921857544695324271e-01 1.852188294349064457e-01
1.948570251434739997e-01 1.869011689226239281e-01
1.975499277731139203e-01 1.885733620697508939e-01
2.002645367952045619e-01 1.902350874660111713e-01
2.030009266464974371e-01 1.918860237011280889e-01
2.057591717637448636e-01 1.935258493648254474e-01
2.085393465836988258e-01 1.951542430468267419e-01
2.113415194587091317e-01 1.967708861014608734e-01
2.141656030276063438e-01 1.983755306355105275e-01
2.170113449140657624e-01 1.999680037346496797e-01
2.198784847950714383e-01 2.015481360953375878e-01
2.227667623476067837e-01 2.031157584140330097e-01
2.256759172486552667e-01 2.046707013871949810e-01
2.286056891752007714e-01 2.062127957112826482e-01
2.315558178042262105e-01 2.077418720827546583e-01
2.345260428127153018e-01 2.092577611980701024e-01
2.375161038776517630e-01 2.107602937536880161e-01
2.405257406760190064e-01 2.122493004460673793e-01
2.435546928848008053e-01 2.137246119716671722e-01
2.466027001809802666e-01 2.151860590269462081e-01
2.496695022415409138e-01 2.166334723083634395e-01
2.527548387434665478e-01 2.180666825123780128e-01
2.558584493637405255e-01 2.194855203354487416e-01
2.589800737793467866e-01 2.208898164740348835e-01
2.621194516672680774e-01 2.222794016245949744e-01
2.652763227044883654e-01 2.236541064835881887e-01
2.684504265679911184e-01 2.250137617474734786e-01
2.716415029347599708e-01 2.263581981127098797e-01
2.748492914817785016e-01 2.276872462757563720e-01
2.780735318860298455e-01 2.290007369330717135e-01
2.813139638244977481e-01 2.302985007811149953e-01
2.845703269741657326e-01 2.315803685163452530e-01
2.878423610120172116e-01 2.328461708352213555e-01
2.911298056150363189e-01 2.340957384342023939e-01
2.944324004602055234e-01 2.353289020097471262e-01
2.977498852245089589e-01 2.365454922583145880e-01
3.010819995849302599e-01 2.377453398763638981e-01
3.044284832184525613e-01 2.389282755603537589e-01
3.077890758020600526e-01 2.400941300067435946e-01
3.111635170127353689e-01 2.412427339119918024e-01
3.145515465274624778e-01 2.423739179725577786e-01
3.179529040232248471e-01 2.434875128849001424e-01
3.213673291770060003e-01 2.445833493454780683e-01
3.247945616657899048e-01 2.456612580507506749e-01
3.282343411665593069e-01 2.467210696971766093e-01
3.316864073562980630e-01 2.477626149812149625e-01
3.351504999119896966e-01 2.487857245993246869e-01
3.386263585106177310e-01 2.497902292479647623e-01
3.421137228291661336e-01 2.507759596235943911e-01
3.456123325446175953e-01 2.517427464226720812e-01
3.491219273339558615e-01 2.526904203416570072e-01
3.526422468741647887e-01 2.536188120770082044e-01
3.561730308422280666e-01 2.545277523251847085e-01
3.597140189151284972e-01 2.554170717826452219e-01
3.632649507698500480e-01 2.562866011458488913e-01
3.668255660833760201e-01 2.571361711112546411e-01
3.703956045326903812e-01 2.579656123753215069e-01
3.739748057947765991e-01 2.587747556345083577e-01
3.775629095466174756e-01 2.595634315852741736e-01
3.811596554651970337e-01 2.603314709240778235e-01
3.847647832274987412e-01 2.610787043473784541e-01
3.883780325105061770e-01 2.618049625516349344e-01
3.919991429912033087e-01 2.625100762333064108e-01
3.956278543465727715e-01 2.631938760888515860e-01
3.992639062535985328e-01 2.638561928147294955e-01
4.029070383892641161e-01 2.644968571073992303e-01
4.065569904305527671e-01 2.651156996633195484e-01
4.102135020544487864e-01 2.657125511789497074e-01
4.138763129379348094e-01 2.662872423507483544e-01
4.175451627579946368e-01 2.668396038751745802e-01
4.212197911916117921e-01 2.673694664486875316e-01
4.248999379157698542e-01 2.678766607677458556e-01
4.285853426074528461e-01 2.683610175288088096e-01
4.322757449436434030e-01 2.688223674283351516e-01
4.359708846013253813e-01 2.692605411627839174e-01
4.396705012574823046e-01 2.696753694286140313e-01
4.433743345890978627e-01 2.700666829222846399e-01
4.470821242731557454e-01 2.704343123402545013e-01
4.507936099866388102e-01 2.707780883789825954e-01
4.545085314065309134e-01 2.710978417349279579e-01
4.582266282098156340e-01 2.713934031045496242e-01
4.619476400734764954e-01 2.716646031843064080e-01
4.656713066744973539e-01 2.719112726706573446e-01
4.693973676898610670e-01 2.721332422600614143e-01
4.731255627965514354e-01 2.723303426489775969e-01
4.768556316715518717e-01 2.725024045338647616e-01
4.805873139918460657e-01 2.726492586111819993e-01
4.843203494344179849e-01 2.727707355773881792e-01
4.880544776762501535e-01 2.728666661289422812e-01
4.917894383943267056e-01 2.729368809623033409e-01
4.955249712656311090e-01 2.729812107739302829e-01
4.992608159671467205e-01 2.729994862602820316e-01
5.029967121758575077e-01 2.729915672449202968e-01
5.067323995687463833e-01 2.729575273450288719e-01
5.104676178227972594e-01 2.728975354270187226e-01
5.142021066149933262e-01 2.728117607944307021e-01
5.179356056223183291e-01 2.727003727508059971e-01
5.216678545217562357e-01 2.725635405996855720e-01
5.253985929902897922e-01 2.724014336446105577e-01
5.291275607049026330e-01 2.722142211891219188e-01
5.328544973425786146e-01 2.720020725367605641e-01
5.365791425803012604e-01 2.717651569910677911e-01
5.403012360950540938e-01 2.715036438555843978e-01
5.440205175638204160e-01 2.712177024338516262e-01
5.477367266635835286e-01 2.709075020294102187e-01
5.514496030713273989e-01 2.705732119458015839e-01
5.551588864640353282e-01 2.702150014865664085e-01
5.588643165186915063e-01 2.698330399552459902e-01
5.625656329122781241e-01 2.694274966553811823e-01
5.662625753217797042e-01 2.689985408905131714e-01
5.699548834241794371e-01 2.685463419641829219e-01
5.736422968964607350e-01 2.680710691799313428e-01
5.773245554156078985e-01 2.675728918412996760e-01
5.810013986586035628e-01 2.670519792518288860e-01
5.846725663024311404e-01 2.665085007150599372e-01
5.883377980240748206e-01 2.659426255345339052e-01
5.919968335005177940e-01 2.653545230137918653e-01
5.956494124087439168e-01 2.647443624563747266e-01
5.992952744257360465e-01 2.641123131658237866e-01
6.029341592284782614e-01 2.634585444456798431e-01
6.065658064939538630e-01 2.627832255994840271e-01
6.101899558991465966e-01 2.620865259307771922e-01
6.138063471210395416e-01 2.613686147431006912e-01
6.174147198366165545e-01 2.606296613399953221e-01
6.210148137228607146e-01 2.598698350250021605e-01
6.246063684567562113e-01 2.590893051016623372e-01
6.281891237152866792e-01 2.582882408735167612e-01
6.317628191754348643e-01 2.574668116441065080e-01
6.353271945141842902e-01 2.566251867169727086e-01
6.388819894085191464e-01 2.557635353956563273e-01
6.424269435354224012e-01 2.548820269836983288e-01
6.459617965718784660e-01 2.539808307846397883e-01
6.494862881948697542e-01 2.530601161020217815e-01
6.530001580813801221e-01 2.521200522393854393e-01
6.565031459083932042e-01 2.511608085002715041e-01
6.599949913528926349e-01 2.501825541882213289e-01
6.634754340918620485e-01 2.491854586067756561e-01
6.669442138022844135e-01 2.481696910594757277e-01
6.704010701611435863e-01 2.471354208498625915e-01
6.738457428454232012e-01 2.460828172814771841e-01
6.772779715321064486e-01 2.450120496578605533e-01
6.806974958981776291e-01 2.439232872825536358e-01
6.841040556206191559e-01 2.428166994590977013e-01
6.874973903764151073e-01 2.416924554910336309e-01
6.908772398425490069e-01 2.405507246819025280e-01
6.942433436960044890e-01 2.393916763352454125e-01
6.975954416137649661e-01 2.382154797546030267e-01
7.009332732728138504e-01 2.370223042435169181e-01
7.042565783501345544e-01 2.358123191055278844e-01
7.075650965227108236e-01 2.345856936441768903e-01
7.108585674675261812e-01 2.333425971630050388e-01
7.141367308615645948e-01 2.320831989655532945e-01
7.173993263818085886e-01 2.308076683553627884e-01
7.206460937052421301e-01 2.295161746359745680e-01
7.238767725088488536e-01 2.282088871109295702e-01
7.270911024696125047e-01 2.268859750837689537e-01
7.302888232645163846e-01 2.255476078580335164e-01
7.334696745705435728e-01 2.241939547372645558e-01
7.366333960646780366e-01 2.228251850250030364e-01
7.397797274239030774e-01 2.214414680247899503e-01
7.429084083252025517e-01 2.200429730401663175e-01
7.460191784455602049e-01 2.186298693746731303e-01
7.491117774619586722e-01 2.172023263318516029e-01
7.521859450513821432e-01 2.157605132152426997e-01
7.552414208908138082e-01 2.143045993283873574e-01
7.582779446572373017e-01 2.128347539748266237e-01
7.612952560276365910e-01 2.113511464581014909e-01
7.642930946789944224e-01 2.098539460817532565e-01
7.672712002882945415e-01 2.083433221493227183e-01
7.702293125325209155e-01 2.068194439643510074e-01
7.731671710886562909e-01 2.052824808303790605e-01
7.760845156336853012e-01 2.037326020509478697e-01
7.789810858445902486e-01 2.021699769295986493e-01
7.818566213983553226e-01 2.005947747698724193e-01
7.847108619719642686e-01 1.990071648753101996e-01
7.875435472423999439e-01 1.974073165494529547e-01
7.903544169996418178e-01 1.957953991471838295e-01
7.931432903441887339e-01 1.941716180601673336e-01
7.959102045300990858e-01 1.925362778037635891e-01
7.986552339941246359e-01 1.908896997882488789e-01
8.013784531730178129e-01 1.892322054238994855e-01
8.040799365035302682e-01 1.875641161209921359e-01
8.067597584224142082e-01 1.858857532898029741e-01
8.094179933664216176e-01 1.841974383406084770e-01
8.120547157723048137e-01 1.824994926836849829e-01
8.146700000768156702e-01 1.807922377293085803e-01
8.172639207167061715e-01 1.790759948877561902e-01
8.198365521287279689e-01 1.773510855693038735e-01
8.223879687496339352e-01 1.756178311842280793e-01
8.249182450161758329e-01 1.738765531428052291e-01
8.274274553651057573e-01 1.721275728553114670e-01
8.299156742331754710e-01 1.703712117320235753e-01
8.323829760571368475e-01 1.686077911832175869e-01
8.348294352737423152e-01 1.668376326191700898e-01
8.372551263197438587e-01 1.650610574501573669e-01
8.396601236318940176e-01 1.632783870864556452e-01
8.420445016469437771e-01 1.614899429383416518e-01
8.444083348016460100e-01 1.596960464160916138e-01
8.467516975327523676e-01 1.578970189299818694e-01
8.490746642770150565e-01 1.560931818902888679e-01
8.513773094711862832e-01 1.542848567072886978e-01
8.536597075520180322e-01 1.524723647912582525e-01
8.559219329562618439e-01 1.506560275524735926e-01
8.581640601206702579e-01 1.488361664012111674e-01
8.603861634819952586e-01 1.470131027477473429e-01
8.625883174769891637e-01 1.451871580023582631e-01
8.647705965424034025e-01 1.433586535753207936e-01
8.669330751149905145e-01 1.415279108769110783e-01
8.690758276315022623e-01 1.396952513174054278e-01
8.711989285286907414e-01 1.378609963070803190e-01
8.733024522433082693e-01 1.360254672562118960e-01
8.753864732121068304e-01 1.341889855750769689e-01
8.774510658718379652e-01 1.323518726739516260e-01
8.794963046592541023e-01 1.305144499631123445e-01
8.815222640111075592e-01 1.286770388528354903e-01
8.835290183641498762e-01 1.268399607533971518e-01
8.855166421551334821e-01 1.250035370750742225e-01
8.874852098208101392e-01 1.231680892281428324e-01
8.894347957979320540e-01 1.213339386228793892e-01
8.913654745232513221e-01 1.195014066695602173e-01
8.932773204335200390e-01 1.176708147784615716e-01
8.951704079654899671e-01 1.158424843598601928e-01
8.970448115559133129e-01 1.140167368240322665e-01
8.989006056415419499e-01 1.121938935812541310e-01
9.007378646591283067e-01 1.103742760418022772e-01
9.025566630454244788e-01 1.085582056159527381e-01
9.043570752371822286e-01 1.067460037139824347e-01
9.061391756711532075e-01 1.049379917461674278e-01
9.079030387840900662e-01 1.031344911227841943e-01
9.096487390127449002e-01 1.013358232541090864e-01
9.113763507938694719e-01 9.954230955041824813e-02
9.130859485642160989e-01 9.775427142198851727e-02
9.147776067605363215e-01 9.597203027909601003e-02
9.164513998195825684e-01 9.419590753201713407e-02
9.181074021781066019e-01 9.242622459102832477e-02
9.197456882728610728e-01 9.066330286640564284e-02
9.213663325405976323e-01 8.890746376842600940e-02
9.229694094180682651e-01 8.715902870736548513e-02
9.245549933420249555e-01 8.541831909350051932e-02
9.261231587492200212e-01 8.368565633710747798e-02
9.276739800764056687e-01 8.196136184846253281e-02
9.292075317603333273e-01 8.024575703784248004e-02
9.307238882377554257e-01 7.853916331552347752e-02
9.322231239454236151e-01 7.684190209178191899e-02
9.337053133200906574e-01 7.515429477689415660e-02
9.351705307985085369e-01 7.347666278113645921e-02
9.366188508174286831e-01 7.180932751478549814e-02
9.380503478136036355e-01 7.015261038811752836e-02
9.394650962237849345e-01 6.850683281140886038e-02
9.408631704847253419e-01 6.687231619493580470e-02
9.422446450331762868e-01 6.524938194897497712e-02
9.436095943058900870e-01 6.363835148380264650e-02
9.449580927396189489e-01 6.203954620969522049e-02
9.462902147711146350e-01 6.045328753692899570e-02
9.476060348371292408e-01 5.887989687578027570e-02
9.489056273744149728e-01 5.731969563652571792e-02
9.501890668197235934e-01 5.577300522944152877e-02
9.514564276098074203e-01 5.424014706480412285e-02
9.527077841814183268e-01 5.272144255288987308e-02
9.539432109713089636e-01 5.121721310397497201e-02
9.551627824162304270e-01 4.972778012833616035e-02
9.563665729529351456e-01 4.825346503624963757e-02
9.575546570181753259e-01 4.679458923799178355e-02
9.587271090487029523e-01 4.535147414383901288e-02
9.598840034812701205e-01 4.392444116406749033e-02
9.610254147526284818e-01 4.251381170895394274e-02
9.621514172995306868e-01 4.111990718877459733e-02
9.632620855587283870e-01 3.974304901380582011e-02
9.643574939669736779e-01 3.838355859432401179e-02
9.654377169610190990e-01 3.704175734060539266e-02
9.665028289776157466e-01 3.571796666292662709e-02
9.675529044535163825e-01 3.441250797156396313e-02
9.685880178254727690e-01 3.312570267679376679e-02
9.696082435302373348e-01 3.185787218889245265e-02
9.706136560045617312e-01 3.060933791813621324e-02
9.716043296851978317e-01 2.938042127480176152e-02
9.725803390088983980e-01 2.817144366916530043e-02
9.735417584124146373e-01 2.698272651150321333e-02
9.744886623324993113e-01 2.581459121209189397e-02
9.754211252059041826e-01 2.466735918120759041e-02
9.763392214693813465e-01 2.354135182912694968e-02
9.772430255596823434e-01 2.243689056612618513e-02
9.781326119135602681e-01 2.135429680248172174e-02
9.790080549677661059e-01 2.029389194846990124e-02
9.798694291590526184e-01 1.925599741436703413e-02
9.807168089241713460e-01 1.824093461044971540e-02
9.815502686998749393e-01 1.724902494699417921e-02
9.823698829229149387e-01 1.628058983427685055e-02
9.831757260300433288e-01 1.533595068257406074e-02
9.839678724580128710e-01 1.441542890216215150e-02
9.847463966435748839e-01 1.351934590331767272e-02
9.855113730234816849e-01 1.264802309631687244e-02
9.862628760344851475e-01 1.180178189143619646e-02
9.870009801133375893e-01 1.098094369895196570e-02
9.877257596967909947e-01 1.018582992914048892e-02
9.884372892215974593e-01 9.416761992278362831e-03
9.891356431245086345e-01 8.674061298641835491e-03
9.898208958422773929e-01 7.958049258507298926e-03
9.904931218116548308e-01 7.269047282151121746e-03
9.911523954693934879e-01 6.607376779849638733e-03
9.917987912522450156e-01 5.973359161879364214e-03
9.924323835969625085e-01 5.367315838516624298e-03
9.930532469402967299e-01 4.789568220037755501e-03
9.936614557190005526e-01 4.240437716719166333e-03
9.942570843698257388e-01 3.720245738837189408e-03
9.948402073295242731e-01 3.229313696668271831e-03
9.954108990348483621e-01 2.767963000488793054e-03
9.959692339225498792e-01 2.336515060575133831e-03
9.965152864293811419e-01 1.935291287203571263e-03
9.970491309920940237e-01 1.564613090650631387e-03
9.975708420474405091e-01 1.224801881192626000e-03
9.980804940321728047e-01 9.161790691059545043e-04
9.985781613830432279e-01 6.390660646669723893e-04
9.990639185368029862e-01 3.937842781520352006e-04
9.995378399302047301e-01 1.806551198375957903e-04
1.000000000000000444e+00 1.942890293094023822e-17
