Zone T="FFD_vol0" I=9 J=2 K=2
DATAPACKING=POINT
1.100000 -0.007000 0.000000 
1.100096 0.168033 0.000000 
1.000000 0.350000 0.000000 
0.783301 0.417718 0.000000 
0.500000 0.420000 0.000000 
0.216699 0.417718 0.000000 
0.000000 0.350000 0.000000 
-0.100096 0.168033 0.000000 
-0.100000 -0.007000 0.000000 
0.900000 -0.007000 0.000000 
0.733391 0.059626 0.000000 
0.590000 0.126000 0.000000 
0.521370 0.180225 0.000000 
0.500000 0.203000 0.000000 
0.478630 0.180225 0.000000 
0.410000 0.126000 0.000000 
0.266609 0.059626 0.000000 
0.100000 -0.007000 0.000000 
1.100000 -0.007000 0.100000 
1.100096 0.168033 0.100000 
1.000000 0.350000 0.100000 
0.783301 0.417718 0.100000 
0.500000 0.420000 0.100000 
0.216699 0.417718 0.100000 
0.000000 0.350000 0.100000 
-0.100096 0.168033 0.100000 
-0.100000 -0.007000 0.100000 
0.900000 -0.007000 0.100000 
0.733391 0.059626 0.100000 
0.590000 0.126000 0.100000 
0.521370 0.180225 0.100000 
0.500000 0.203000 0.100000 
0.478630 0.180225 0.100000 
0.410000 0.126000 0.100000 
0.266609 0.059626 0.100000 
0.100000 -0.007000 0.100000 
