Zone T="embedding_vol" I=25 J=4 K=4
DATAPACKING=POINT
1.750878 -0.757028 0.000000 
1.741333 -0.727656 0.000000 
1.731988 -0.700194 0.000000 
1.722834 -0.674509 0.000000 
1.705071 -0.627945 0.000000 
1.687986 -0.586913 0.000000 
1.671521 -0.550360 0.000000 
1.647727 -0.501855 0.000000 
1.624197 -0.458867 0.000000 
1.599934 -0.419204 0.000000 
1.574104 -0.381059 0.000000 
1.546543 -0.344178 0.000000 
1.517250 -0.308694 0.000000 
1.486197 -0.274808 0.000000 
1.453237 -0.242990 0.000000 
1.418194 -0.213778 0.000000 
1.380538 -0.187573 0.000000 
1.338330 -0.164234 0.000000 
1.289277 -0.143482 0.000000 
1.250600 -0.131192 0.000000 
1.200933 -0.121307 0.000000 
1.133347 -0.115207 0.000000 
1.090669 -0.114007 0.000000 
1.040914 -0.114271 0.000000 
0.983214 -0.116170 0.000000 
1.747664 -0.760858 0.000000 
1.737940 -0.731549 0.000000 
1.728419 -0.704152 0.000000 
1.719092 -0.678534 0.000000 
1.700994 -0.632109 0.000000 
1.683588 -0.591222 0.000000 
1.666818 -0.554818 0.000000 
1.642593 -0.506539 0.000000 
1.618659 -0.463787 0.000000 
1.594004 -0.424374 0.000000 
1.567790 -0.386499 0.000000 
1.539856 -0.349905 0.000000 
1.510209 -0.314718 0.000000 
1.478830 -0.281135 0.000000 
1.445573 -0.249627 0.000000 
1.410264 -0.220735 0.000000 
1.372374 -0.194859 0.000000 
1.329966 -0.171858 0.000000 
1.280749 -0.151450 0.000000 
1.242056 -0.139320 0.000000 
1.192828 -0.129171 0.000000 
1.126574 -0.121957 0.000000 
1.085034 -0.119748 0.000000 
1.036804 -0.118631 0.000000 
0.981071 -0.118723 0.000000 
1.744450 -0.764688 0.000000 
1.734547 -0.735442 0.000000 
1.724850 -0.708109 0.000000 
1.715350 -0.682558 0.000000 
1.696917 -0.636274 0.000000 
1.679190 -0.595532 0.000000 
1.662115 -0.559276 0.000000 
1.637459 -0.511223 0.000000 
1.613120 -0.468706 0.000000 
1.588075 -0.429544 0.000000 
1.561476 -0.391940 0.000000 
1.533169 -0.355632 0.000000 
1.503169 -0.320742 0.000000 
1.471463 -0.287463 0.000000 
1.437909 -0.256265 0.000000 
1.402333 -0.227691 0.000000 
1.364210 -0.202146 0.000000 
1.321602 -0.179482 0.000000 
1.272221 -0.159419 0.000000 
1.233512 -0.147448 0.000000 
1.184723 -0.137035 0.000000 
1.119801 -0.128707 0.000000 
1.079399 -0.125489 0.000000 
1.032694 -0.122990 0.000000 
0.978929 -0.121277 0.000000 
1.741235 -0.768519 0.000000 
1.731154 -0.739335 0.000000 
1.721281 -0.712067 0.000000 
1.711608 -0.686583 0.000000 
1.692840 -0.640438 0.000000 
1.674793 -0.599841 0.000000 
1.657412 -0.563733 0.000000 
1.632326 -0.515907 0.000000 
1.607581 -0.473625 0.000000 
1.582145 -0.434714 0.000000 
1.555163 -0.397380 0.000000 
1.526482 -0.361359 0.000000 
1.496129 -0.326767 0.000000 
1.464096 -0.293790 0.000000 
1.430245 -0.262902 0.000000 
1.394403 -0.234647 0.000000 
1.356045 -0.209432 0.000000 
1.313238 -0.187107 0.000000 
1.263693 -0.167387 0.000000 
1.224968 -0.155577 0.000000 
1.176618 -0.144899 0.000000 
1.113028 -0.135457 0.000000 
1.073764 -0.131230 0.000000 
1.028584 -0.127350 0.000000 
0.976786 -0.123830 0.000000 
1.750878 -0.757028 0.033333 
1.741333 -0.727656 0.033333 
1.731988 -0.700194 0.033333 
1.722834 -0.674509 0.033333 
1.705071 -0.627945 0.033333 
1.687986 -0.586913 0.033333 
1.671521 -0.550360 0.033333 
1.647727 -0.501855 0.033333 
1.624197 -0.458867 0.033333 
1.599934 -0.419204 0.033333 
1.574104 -0.381059 0.033333 
1.546543 -0.344178 0.033333 
1.517250 -0.308694 0.033333 
1.486197 -0.274808 0.033333 
1.453237 -0.242990 0.033333 
1.418194 -0.213778 0.033333 
1.380538 -0.187573 0.033333 
1.338330 -0.164234 0.033333 
1.289277 -0.143482 0.033333 
1.250600 -0.131192 0.033333 
1.200933 -0.121307 0.033333 
1.133347 -0.115207 0.033333 
1.090669 -0.114007 0.033333 
1.040914 -0.114271 0.033333 
0.983214 -0.116170 0.033333 
1.747664 -0.760858 0.033333 
1.737940 -0.731549 0.033333 
1.728419 -0.704152 0.033333 
1.719092 -0.678534 0.033333 
1.700994 -0.632109 0.033333 
1.683588 -0.591222 0.033333 
1.666818 -0.554818 0.033333 
1.642593 -0.506539 0.033333 
1.618659 -0.463787 0.033333 
1.594004 -0.424374 0.033333 
1.567790 -0.386499 0.033333 
1.539856 -0.349905 0.033333 
1.510209 -0.314718 0.033333 
1.478830 -0.281135 0.033333 
1.445573 -0.249627 0.033333 
1.410264 -0.220735 0.033333 
1.372374 -0.194859 0.033333 
1.329966 -0.171858 0.033333 
1.280749 -0.151450 0.033333 
1.242056 -0.139320 0.033333 
1.192828 -0.129171 0.033333 
1.126574 -0.121957 0.033333 
1.085034 -0.119748 0.033333 
1.036804 -0.118631 0.033333 
0.981071 -0.118723 0.033333 
1.744450 -0.764688 0.033333 
1.734547 -0.735442 0.033333 
1.724850 -0.708109 0.033333 
1.715350 -0.682558 0.033333 
1.696917 -0.636274 0.033333 
1.679190 -0.595532 0.033333 
1.662115 -0.559276 0.033333 
1.637459 -0.511223 0.033333 
1.613120 -0.468706 0.033333 
1.588075 -0.429544 0.033333 
1.561476 -0.391940 0.033333 
1.533169 -0.355632 0.033333 
1.503169 -0.320742 0.033333 
1.471463 -0.287463 0.033333 
1.437909 -0.256265 0.033333 
1.402333 -0.227691 0.033333 
1.364210 -0.202146 0.033333 
1.321602 -0.179482 0.033333 
1.272221 -0.159419 0.033333 
1.233512 -0.147448 0.033333 
1.184723 -0.137035 0.033333 
1.119801 -0.128707 0.033333 
1.079399 -0.125489 0.033333 
1.032694 -0.122990 0.033333 
0.978929 -0.121277 0.033333 
1.741235 -0.768519 0.033333 
1.731154 -0.739335 0.033333 
1.721281 -0.712067 0.033333 
1.711608 -0.686583 0.033333 
1.692840 -0.640438 0.033333 
1.674793 -0.599841 0.033333 
1.657412 -0.563733 0.033333 
1.632326 -0.515907 0.033333 
1.607581 -0.473625 0.033333 
1.582145 -0.434714 0.033333 
1.555163 -0.397380 0.033333 
1.526482 -0.361359 0.033333 
1.496129 -0.326767 0.033333 
1.464096 -0.293790 0.033333 
1.430245 -0.262902 0.033333 
1.394403 -0.234647 0.033333 
1.356045 -0.209432 0.033333 
1.313238 -0.187107 0.033333 
1.263693 -0.167387 0.033333 
1.224968 -0.155577 0.033333 
1.176618 -0.144899 0.033333 
1.113028 -0.135457 0.033333 
1.073764 -0.131230 0.033333 
1.028584 -0.127350 0.033333 
0.976786 -0.123830 0.033333 
1.750878 -0.757028 0.066667 
1.741333 -0.727656 0.066667 
1.731988 -0.700194 0.066667 
1.722834 -0.674509 0.066667 
1.705071 -0.627945 0.066667 
1.687986 -0.586913 0.066667 
1.671521 -0.550360 0.066667 
1.647727 -0.501855 0.066667 
1.624197 -0.458867 0.066667 
1.599934 -0.419204 0.066667 
1.574104 -0.381059 0.066667 
1.546543 -0.344178 0.066667 
1.517250 -0.308694 0.066667 
1.486197 -0.274808 0.066667 
1.453237 -0.242990 0.066667 
1.418194 -0.213778 0.066667 
1.380538 -0.187573 0.066667 
1.338330 -0.164234 0.066667 
1.289277 -0.143482 0.066667 
1.250600 -0.131192 0.066667 
1.200933 -0.121307 0.066667 
1.133347 -0.115207 0.066667 
1.090669 -0.114007 0.066667 
1.040914 -0.114271 0.066667 
0.983214 -0.116170 0.066667 
1.747664 -0.760858 0.066667 
1.737940 -0.731549 0.066667 
1.728419 -0.704152 0.066667 
1.719092 -0.678534 0.066667 
1.700994 -0.632109 0.066667 
1.683588 -0.591222 0.066667 
1.666818 -0.554818 0.066667 
1.642593 -0.506539 0.066667 
1.618659 -0.463787 0.066667 
1.594004 -0.424374 0.066667 
1.567790 -0.386499 0.066667 
1.539856 -0.349905 0.066667 
1.510209 -0.314718 0.066667 
1.478830 -0.281135 0.066667 
1.445573 -0.249627 0.066667 
1.410264 -0.220735 0.066667 
1.372374 -0.194859 0.066667 
1.329966 -0.171858 0.066667 
1.280749 -0.151450 0.066667 
1.242056 -0.139320 0.066667 
1.192828 -0.129171 0.066667 
1.126574 -0.121957 0.066667 
1.085034 -0.119748 0.066667 
1.036804 -0.118631 0.066667 
0.981071 -0.118723 0.066667 
1.744450 -0.764688 0.066667 
1.734547 -0.735442 0.066667 
1.724850 -0.708109 0.066667 
1.715350 -0.682558 0.066667 
1.696917 -0.636274 0.066667 
1.679190 -0.595532 0.066667 
1.662115 -0.559276 0.066667 
1.637459 -0.511223 0.066667 
1.613120 -0.468706 0.066667 
1.588075 -0.429544 0.066667 
1.561476 -0.391940 0.066667 
1.533169 -0.355632 0.066667 
1.503169 -0.320742 0.066667 
1.471463 -0.287463 0.066667 
1.437909 -0.256265 0.066667 
1.402333 -0.227691 0.066667 
1.364210 -0.202146 0.066667 
1.321602 -0.179482 0.066667 
1.272221 -0.159419 0.066667 
1.233512 -0.147448 0.066667 
1.184723 -0.137035 0.066667 
1.119801 -0.128707 0.066667 
1.079399 -0.125489 0.066667 
1.032694 -0.122990 0.066667 
0.978929 -0.121277 0.066667 
1.741235 -0.768519 0.066667 
1.731154 -0.739335 0.066667 
1.721281 -0.712067 0.066667 
1.711608 -0.686583 0.066667 
1.692840 -0.640438 0.066667 
1.674793 -0.599841 0.066667 
1.657412 -0.563733 0.066667 
1.632326 -0.515907 0.066667 
1.607581 -0.473625 0.066667 
1.582145 -0.434714 0.066667 
1.555163 -0.397380 0.066667 
1.526482 -0.361359 0.066667 
1.496129 -0.326767 0.066667 
1.464096 -0.293790 0.066667 
1.430245 -0.262902 0.066667 
1.394403 -0.234647 0.066667 
1.356045 -0.209432 0.066667 
1.313238 -0.187107 0.066667 
1.263693 -0.167387 0.066667 
1.224968 -0.155577 0.066667 
1.176618 -0.144899 0.066667 
1.113028 -0.135457 0.066667 
1.073764 -0.131230 0.066667 
1.028584 -0.127350 0.066667 
0.976786 -0.123830 0.066667 
1.750878 -0.757028 0.100000 
1.741333 -0.727656 0.100000 
1.731988 -0.700194 0.100000 
1.722834 -0.674509 0.100000 
1.705071 -0.627945 0.100000 
1.687986 -0.586913 0.100000 
1.671521 -0.550360 0.100000 
1.647727 -0.501855 0.100000 
1.624197 -0.458867 0.100000 
1.599934 -0.419204 0.100000 
1.574104 -0.381059 0.100000 
1.546543 -0.344178 0.100000 
1.517250 -0.308694 0.100000 
1.486197 -0.274808 0.100000 
1.453237 -0.242990 0.100000 
1.418194 -0.213778 0.100000 
1.380538 -0.187573 0.100000 
1.338330 -0.164234 0.100000 
1.289277 -0.143482 0.100000 
1.250600 -0.131192 0.100000 
1.200933 -0.121307 0.100000 
1.133347 -0.115207 0.100000 
1.090669 -0.114007 0.100000 
1.040914 -0.114271 0.100000 
0.983214 -0.116170 0.100000 
1.747664 -0.760858 0.100000 
1.737940 -0.731549 0.100000 
1.728419 -0.704152 0.100000 
1.719092 -0.678534 0.100000 
1.700994 -0.632109 0.100000 
1.683588 -0.591222 0.100000 
1.666818 -0.554818 0.100000 
1.642593 -0.506539 0.100000 
1.618659 -0.463787 0.100000 
1.594004 -0.424374 0.100000 
1.567790 -0.386499 0.100000 
1.539856 -0.349905 0.100000 
1.510209 -0.314718 0.100000 
1.478830 -0.281135 0.100000 
1.445573 -0.249627 0.100000 
1.410264 -0.220735 0.100000 
1.372374 -0.194859 0.100000 
1.329966 -0.171858 0.100000 
1.280749 -0.151450 0.100000 
1.242056 -0.139320 0.100000 
1.192828 -0.129171 0.100000 
1.126574 -0.121957 0.100000 
1.085034 -0.119748 0.100000 
1.036804 -0.118631 0.100000 
0.981071 -0.118723 0.100000 
1.744450 -0.764688 0.100000 
1.734547 -0.735442 0.100000 
1.724850 -0.708109 0.100000 
1.715350 -0.682558 0.100000 
1.696917 -0.636274 0.100000 
1.679190 -0.595532 0.100000 
1.662115 -0.559276 0.100000 
1.637459 -0.511223 0.100000 
1.613120 -0.468706 0.100000 
1.588075 -0.429544 0.100000 
1.561476 -0.391940 0.100000 
1.533169 -0.355632 0.100000 
1.503169 -0.320742 0.100000 
1.471463 -0.287463 0.100000 
1.437909 -0.256265 0.100000 
1.402333 -0.227691 0.100000 
1.364210 -0.202146 0.100000 
1.321602 -0.179482 0.100000 
1.272221 -0.159419 0.100000 
1.233512 -0.147448 0.100000 
1.184723 -0.137035 0.100000 
1.119801 -0.128707 0.100000 
1.079399 -0.125489 0.100000 
1.032694 -0.122990 0.100000 
0.978929 -0.121277 0.100000 
1.741235 -0.768519 0.100000 
1.731154 -0.739335 0.100000 
1.721281 -0.712067 0.100000 
1.711608 -0.686583 0.100000 
1.692840 -0.640438 0.100000 
1.674793 -0.599841 0.100000 
1.657412 -0.563733 0.100000 
1.632326 -0.515907 0.100000 
1.607581 -0.473625 0.100000 
1.582145 -0.434714 0.100000 
1.555163 -0.397380 0.100000 
1.526482 -0.361359 0.100000 
1.496129 -0.326767 0.100000 
1.464096 -0.293790 0.100000 
1.430245 -0.262902 0.100000 
1.394403 -0.234647 0.100000 
1.356045 -0.209432 0.100000 
1.313238 -0.187107 0.100000 
1.263693 -0.167387 0.100000 
1.224968 -0.155577 0.100000 
1.176618 -0.144899 0.100000 
1.113028 -0.135457 0.100000 
1.073764 -0.131230 0.100000 
1.028584 -0.127350 0.100000 
0.976786 -0.123830 0.100000 
