    1.000000      0.2500000E-02
   0.9907695      0.5113548E-02
   0.9651737      0.1218778E-01
   0.9093978      0.2672351E-01
   0.8476844      0.4140315E-01
   0.7855867      0.5468507E-01
   0.7232003      0.6651889E-01
   0.6605549      0.7686771E-01
   0.5976816      0.8569060E-01
   0.5346137      0.9294158E-01
   0.4713874      0.9856830E-01
   0.4080421      0.1025102    
   0.3446255      0.1046951    
   0.2814653      0.1047565    
   0.2192450      0.9814439E-01
   0.1583744      0.8355773E-01
   0.9970536E-01  0.6160319E-01
   0.4529753E-01  0.3365536E-01
   0.1363840E-01  0.1293351E-01
   0.2897269E-02  0.4072605E-02
   0.2196907E-02 -0.7330280E-03
   0.1277020E-01  0.2713425E-02
   0.3904821E-01  0.1391063E-01
   0.9341728E-01  0.3587941E-01
   0.1533184      0.5499214E-01
   0.2147173      0.6811519E-01
   0.2771201      0.7439020E-01
   0.3403340      0.7462501E-01
   0.4038609      0.7332812E-01
   0.4673472      0.7084148E-01
   0.5307656      0.6710632E-01
   0.5940900      0.6208174E-01
   0.6572931      0.5574096E-01
   0.7203468      0.4806914E-01
   0.7832231      0.3906176E-01
   0.8458944      0.2872343E-01
   0.9082665      0.1708011E-01
   0.9647182      0.5376287E-02
   0.9906464     -0.3699095E-03
    1.000000     -0.2500000E-02
