    1.000000      0.7500020E-02
   0.9519224      0.6804124E-01
   0.8266404      0.1986503    
   0.6754696      0.3040704    
   0.5287705      0.3514669    
   0.3845587      0.3447089    
   0.2369940      0.2831285    
   0.1003281      0.1765557    
   0.2628389E-01  0.8291558E-01
   0.2138664E-02  0.2038759E-01
   0.4713900E-02 -0.2025086E-01
   0.3720158E-01 -0.1496788E-01
   0.8651369E-01  0.2725646E-01
   0.2020261      0.1263102    
   0.3560697      0.2131887    
   0.5098568      0.2461588    
   0.6626907      0.2261162    
   0.8169545      0.1517784    
   0.9468822      0.4665773E-01
    1.000000     -0.7500822E-02
