    1.000000      0.7510711E-02
   0.9156588      0.4775549E-01
   0.7926273      0.9606781E-01
   0.6646796      0.1330394    
   0.5336455      0.1566381    
   0.4009071      0.1655820    
   0.2694187      0.1506212    
   0.1446736      0.1061532    
   0.3545750E-01  0.3975316E-01
   0.3263218E-01  0.9487063E-02
   0.1417556      0.7023677E-01
   0.2658595      0.1165545    
   0.3970282      0.1344312    
   0.5299785      0.1288957    
   0.6616759      0.1092531    
   0.7906599      0.7612964E-01
   0.9148700      0.3101940E-01
    1.000000     -0.7490131E-02
