    1.000000      0.7510711E-02
   0.9252613      0.4346421E-01
   0.8163905      0.8770524E-01
   0.7033930      0.1232939    
   0.5877029      0.1486679    
   0.4701471      0.1628081    
   0.3520438      0.1638567    
   0.2363916      0.1417184    
   0.1271452      0.9749270E-01
   0.3134476E-01  0.3641938E-01
   0.2808332E-01  0.6965413E-02
   0.1242613      0.6146529E-01
   0.2329880      0.1070664    
   0.3482171      0.1315029    
   0.4663239      0.1333286    
   0.5842547      0.1225194    
   0.7006697      0.1006997    
   0.8146447      0.6843480E-01
   0.9245658      0.2694675E-01
    1.000000     -0.7490131E-02
