    1.000000      0.4999998E-02
   0.9950456      0.7491569E-02
   0.9874130      0.1131979E-01
   0.9782003      0.1591665E-01
   0.9682669      0.2084610E-01
   0.9580941      0.2586958E-01
   0.9478408      0.3090776E-01
   0.9375713      0.3593279E-01
   0.9272976      0.4094183E-01
   0.9169983      0.4594270E-01
   0.9066587      0.5094442E-01
   0.8963205      0.5592280E-01
   0.8860102      0.6086178E-01
   0.8757091      0.6575991E-01
   0.8654308      0.7060258E-01
   0.8551964      0.7536931E-01
   0.8449845      0.8005624E-01
   0.8348314      0.8462998E-01
   0.8246981      0.8909087E-01
   0.8145938      0.9342449E-01
   0.8045150      0.9761654E-01
   0.7944533      0.1016567    
   0.7843962      0.1055384    
   0.7743325      0.1092558    
   0.7642504      0.1128057    
   0.7541440      0.1161854    
   0.7440021      0.1193940    
   0.7338175      0.1224315    
   0.7235896      0.1252970    
   0.7133098      0.1279940    
   0.7029813      0.1305209    
   0.6925964      0.1328827    
   0.6821641      0.1350790    
   0.6716741      0.1371141    
   0.6611353      0.1389913    
   0.6505497      0.1407115    
   0.6399161      0.1422786    
   0.6292340      0.1436971    
   0.6185112      0.1449699    
   0.6077504      0.1460996    
   0.5969525      0.1470897    
   0.5861205      0.1479435    
   0.5752568      0.1486645    
   0.5643647      0.1492555    
   0.5534471      0.1497199    
   0.5425079      0.1500606    
   0.5315581      0.1502793    
   0.5206007      0.1503751    
   0.5096099      0.1503516    
   0.4985962      0.1502157    
   0.4875739      0.1499695    
   0.4765419      0.1496145    
   0.4655060      0.1491527    
   0.4544599      0.1485852    
   0.4434202      0.1479179    
   0.4324276      0.1471432    
   0.4213988      0.1462555    
   0.4103514      0.1452670    
   0.3992936      0.1441808    
   0.3882500      0.1430086    
   0.3773069      0.1417364    
   0.3662955      0.1403443    
   0.3552565      0.1388652    
   0.3443556      0.1373048    
   0.3333625      0.1356121    
   0.3224693      0.1338548    
   0.3116045      0.1319786    
   0.3009165      0.1300666    
   0.2903801      0.1280444    
   0.2799205      0.1259541    
   0.2693566      0.1237482    
   0.2587817      0.1214216    
   0.2483764      0.1190255    
   0.2382107      0.1165949    
   0.2282871      0.1141287    
   0.2184375      0.1115402    
   0.2083266      0.1087959    
   0.1979810      0.1058818    
   0.1879894      0.1029229    
   0.1780748      0.9987332E-01
   0.1682938      0.9677315E-01
   0.1585313      0.9349600E-01
   0.1489463      0.9017390E-01
   0.1392122      0.8668407E-01
   0.1293946      0.8296167E-01
   0.1197129      0.7915801E-01
   0.1102329      0.7529297E-01
   0.1009186      0.7126381E-01
   0.9175379E-01  0.6716180E-01
   0.8242782E-01  0.6279479E-01
   0.7338272E-01  0.5829771E-01
   0.6467987E-01  0.5380078E-01
   0.5628641E-01  0.4918916E-01
   0.4839158E-01  0.4460935E-01
   0.4082825E-01  0.4000450E-01
   0.3407195E-01  0.3557032E-01
   0.2763518E-01  0.3111372E-01
   0.2197515E-01  0.2686910E-01
   0.1695810E-01  0.2280428E-01
   0.1260408E-01  0.1899420E-01
   0.9162792E-02  0.1558752E-01
   0.6522766E-02  0.1268160E-01
   0.4517772E-02  0.1022440E-01
   0.3014638E-02  0.8067373E-02
   0.1888528E-02  0.6161091E-02
   0.1041722E-02  0.4444815E-02
   0.4432798E-03  0.2909679E-02
   0.9860674E-04  0.1506821E-02
  -0.4440461E-05  0.1796878E-03
   0.1327040E-03 -0.1104684E-02
   0.5287973E-03 -0.2282832E-02
   0.1229257E-02 -0.3257042E-02
   0.2283681E-02 -0.3929419E-02
   0.3580578E-02 -0.4292076E-02
   0.5044259E-02 -0.4404298E-02
   0.6672601E-02 -0.4240172E-02
   0.8516500E-02 -0.3919351E-02
   0.1061704E-01 -0.3359714E-02
   0.1304647E-01 -0.2574284E-02
   0.1593453E-01 -0.1579706E-02
   0.1938723E-01 -0.2257101E-03
   0.2354696E-01  0.1576315E-02
   0.2873300E-01  0.3923893E-02
   0.3494297E-01  0.6838443E-02
   0.4191774E-01  0.1025179E-01
   0.4943879E-01  0.1395120E-01
   0.5720523E-01  0.1779020E-01
   0.6517541E-01  0.2174706E-01
   0.7335057E-01  0.2573076E-01
   0.8205251E-01  0.2998182E-01
   0.9063158E-01  0.3405152E-01
   0.9917388E-01  0.3807391E-01
   0.1082136      0.4226629E-01
   0.1174449      0.4641830E-01
   0.1269962      0.5066666E-01
   0.1366809      0.5486019E-01
   0.1461529      0.5884038E-01
   0.1555552      0.6274766E-01
   0.1651733      0.6660313E-01
   0.1747994      0.7035985E-01
   0.1846565      0.7413774E-01
   0.1944869      0.7777521E-01
   0.2045442      0.8138658E-01
   0.2146778      0.8494356E-01
   0.2244845      0.8826561E-01
   0.2341807      0.9143687E-01
   0.2440786      0.9460020E-01
   0.2542884      0.9774512E-01
   0.2646668      0.1008227    
   0.2750523      0.1037982    
   0.2854596      0.1066828    
   0.2958515      0.1094258    
   0.3062350      0.1120766    
   0.3169575      0.1146839    
   0.3275836      0.1171615    
   0.3383678      0.1195461    
   0.3490697      0.1218148    
   0.3598296      0.1239523    
   0.3706646      0.1259998    
   0.3814356      0.1279233    
   0.3922010      0.1297055    
   0.4030698      0.1313846    
   0.4139248      0.1329478    
   0.4247824      0.1343905    
   0.4356145      0.1357052    
   0.4464376      0.1368817    
   0.4573162      0.1379341    
   0.4681922      0.1388608    
   0.4790688      0.1396578    
   0.4899466      0.1403242    
   0.5008154      0.1408576    
   0.5116778      0.1412552    
   0.5225243      0.1415150    
   0.5333511      0.1416314    
   0.5441777      0.1416035    
   0.5549977      0.1414319    
   0.5658015      0.1411152    
   0.5765861      0.1406509    
   0.5873485      0.1400370    
   0.5980861      0.1392713    
   0.6087960      0.1383514    
   0.6194752      0.1372754    
   0.6301189      0.1360410    
   0.6407250      0.1346452    
   0.6512955      0.1330856    
   0.6618251      0.1313613    
   0.6723075      0.1294710    
   0.6827425      0.1274103    
   0.6931350      0.1251785    
   0.7034735      0.1227754    
   0.7137675      0.1201970    
   0.7240100      0.1174452    
   0.7342096      0.1145164    
   0.7443632      0.1114128    
   0.7544799      0.1081334    
   0.7645639      0.1046791    
   0.7746249      0.1010517    
   0.7846678      0.9725520E-01
   0.7947066      0.9329245E-01
   0.8047525      0.8916883E-01
   0.8148152      0.8489275E-01
   0.8249047      0.8047433E-01
   0.8350240      0.7592783E-01
   0.8451635      0.7126819E-01
   0.8553628      0.6649513E-01
   0.8655845      0.6164241E-01
   0.8758508      0.5671394E-01
   0.8861394      0.5173059E-01
   0.8964381      0.4670725E-01
   0.9067659      0.4164419E-01
   0.9170940      0.3655991E-01
   0.9273809      0.3147816E-01
   0.9376438      0.2638872E-01
   0.9479054      0.2128362E-01
   0.9581458      0.1616855E-01
   0.9683050      0.1107134E-01
   0.9782263      0.6069776E-02
   0.9874268      0.1408608E-02
   0.9950508     -0.2473402E-02
    1.000000     -0.5000002E-02
