    1.000000      0.2516688E-02
   0.9981539      0.3445687E-02
   0.9948042      0.5124120E-02
   0.9905022      0.7266178E-02
   0.9854501      0.9762142E-02
   0.9797679      0.1254174E-01
   0.9735384      0.1556056E-01
   0.9668235      0.1877871E-01
   0.9596725      0.2216495E-01
   0.9521259      0.2569278E-01
   0.9442177      0.2933918E-01
   0.9359774      0.3308376E-01
   0.9274308      0.3690826E-01
   0.9186009      0.4079614E-01
   0.9095083      0.4473232E-01
   0.9001717      0.4870296E-01
   0.8906082      0.5269531E-01
   0.8808336      0.5669753E-01
   0.8708626      0.6069869E-01
   0.8607087      0.6468858E-01
   0.8503846      0.6865771E-01
   0.8399024      0.7259724E-01
   0.8292733      0.7649889E-01
   0.8185079      0.8035627E-01
   0.8076165      0.8415870E-01
   0.7966087      0.8790160E-01
   0.7854936      0.9158033E-01
   0.7742800      0.9518698E-01
   0.7629765      0.9871672E-01
   0.7515910      0.1021645    
   0.7401313      0.1055258    
   0.7286050      0.1087963    
   0.7170193      0.1119720    
   0.7053811      0.1150495    
   0.6936972      0.1180253    
   0.6819742      0.1208965    
   0.6702185      0.1236605    
   0.6584361      0.1263149    
   0.6466330      0.1288575    
   0.6348151      0.1312866    
   0.6229881      0.1336005    
   0.6111575      0.1357979    
   0.5993287      0.1378777    
   0.5875068      0.1398391    
   0.5756972      0.1416814    
   0.5639047      0.1434042    
   0.5521343      0.1450074    
   0.5403908      0.1464908    
   0.5286789      0.1478549    
   0.5170032      0.1490999    
   0.5053682      0.1502264    
   0.4937784      0.1512354    
   0.4822381      0.1521276    
   0.4707516      0.1529043    
   0.4593230      0.1535667    
   0.4479565      0.1541164    
   0.4366561      0.1545549    
   0.4254258      0.1548841    
   0.4142696      0.1551058    
   0.4031911      0.1552221    
   0.3921944      0.1552034    
   0.3812831      0.1549649    
   0.3704608      0.1545066    
   0.3597312      0.1538344    
   0.3490979      0.1529541    
   0.3385643      0.1518721    
   0.3281341      0.1505948    
   0.3178105      0.1491288    
   0.3075970      0.1474810    
   0.2974969      0.1456584    
   0.2875135      0.1436683    
   0.2776501      0.1415179    
   0.2679098      0.1392149    
   0.2582959      0.1367668    
   0.2488114      0.1341815    
   0.2394595      0.1314668    
   0.2302433      0.1286307    
   0.2211657      0.1256813    
   0.2122298      0.1226266    
   0.2034386      0.1194748    
   0.1947949      0.1162342    
   0.1863016      0.1129129    
   0.1779617      0.1095192    
   0.1697780      0.1060613    
   0.1617533      0.1025474    
   0.1538903      0.9898575E-01
   0.1461919      0.9538445E-01
   0.1386607      0.9175159E-01
   0.1312994      0.8809519E-01
   0.1241109      0.8442320E-01
   0.1170976      0.8074347E-01
   0.1102622      0.7706377E-01
   0.1036074      0.7339176E-01
   0.9713564E-01  0.6973500E-01
   0.9084960E-01  0.6610093E-01
   0.8475177E-01  0.6249686E-01
   0.7884467E-01  0.5893002E-01
   0.7313081E-01  0.5540746E-01
   0.6761264E-01  0.5193616E-01
   0.6229264E-01  0.4852292E-01
   0.5717323E-01  0.4517447E-01
   0.5225683E-01  0.4189738E-01
   0.4754584E-01  0.3869811E-01
   0.4304264E-01  0.3558302E-01
   0.3874958E-01  0.3255832E-01
   0.3466901E-01  0.2963014E-01
   0.3080326E-01  0.2680448E-01
   0.2715463E-01  0.2408724E-01
   0.2372541E-01  0.2148423E-01
   0.2051788E-01  0.1900112E-01
   0.1753429E-01  0.1664349E-01
   0.1477689E-01  0.1441683E-01
   0.1224790E-01  0.1232649E-01
   0.9949543E-02  0.1037772E-01
   0.7884004E-02  0.8575612E-02
   0.6053466E-02  0.6925159E-02
   0.4460097E-02  0.5431182E-02
   0.3106050E-02  0.4098346E-02
   0.1993463E-02  0.2931084E-02
   0.1124460E-02  0.1933716E-02
   0.5011520E-03  0.1110071E-02
   0.1256372E-03  0.4642497E-03
  -0.9901660E-09 -0.2539418E-04
   0.1256236E-03 -0.2758174E-03
   0.5011250E-03 -0.3578686E-03
   0.1124420E-02 -0.2515010E-03
   0.1993410E-02  0.5276400E-04
   0.3105986E-02  0.5430804E-03
   0.4460021E-02  0.1223247E-02
   0.6053379E-02  0.2088430E-02
   0.7883907E-02  0.3136782E-02
   0.9949437E-02  0.4364759E-02
   0.1224779E-01  0.5768814E-02
   0.1477677E-01  0.7344838E-02
   0.1753416E-01  0.9088350E-02
   0.2051774E-01  0.1099445E-01
   0.2372527E-01  0.1305787E-01
   0.2715448E-01  0.1527293E-01
   0.3080311E-01  0.1763363E-01
   0.3466886E-01  0.2013361E-01
   0.3874943E-01  0.2276621E-01
   0.4304249E-01  0.2552445E-01
   0.4754569E-01  0.2840109E-01
   0.5225668E-01  0.3138863E-01
   0.5717308E-01  0.3447934E-01
   0.6229249E-01  0.3766528E-01
   0.6761250E-01  0.4093833E-01
   0.7313067E-01  0.4429019E-01
   0.7884454E-01  0.4771243E-01
   0.8475164E-01  0.5119650E-01
   0.9084947E-01  0.5473372E-01
   0.9713552E-01  0.5831536E-01
   0.1036072      0.6193259E-01
   0.1102621      0.6557656E-01
   0.1170975      0.6923836E-01
   0.1241108      0.7290907E-01
   0.1312993      0.7657977E-01
   0.1386606      0.8024152E-01
   0.1461918      0.8388542E-01
   0.1538902      0.8750260E-01
   0.1617532      0.9108419E-01
   0.1697779      0.9462142E-01
   0.1779617      0.9810553E-01
   0.1863016      0.1015278    
   0.1947948      0.1048797    
   0.2034385      0.1081527    
   0.2122298      0.1113382    
   0.2211657      0.1144280    
   0.2302433      0.1174137    
   0.2394595      0.1202873    
   0.2488114      0.1230406    
   0.2582958      0.1256658    
   0.2679098      0.1281549    
   0.2776500      0.1305004    
   0.2875135      0.1326948    
   0.2974969      0.1347305    
   0.3075970      0.1366004    
   0.3178105      0.1382974    
   0.3281341      0.1398147    
   0.3385643      0.1411455    
   0.3490979      0.1422832    
   0.3597312      0.1432216    
   0.3704608      0.1439546    
   0.3812830      0.1444762    
   0.3921944      0.1447809    
   0.4031911      0.1448685    
   0.4142695      0.1448239    
   0.4254258      0.1446768    
   0.4366561      0.1444252    
   0.4479565      0.1440671    
   0.4593230      0.1436007    
   0.4707516      0.1430244    
   0.4822381      0.1423367    
   0.4937784      0.1415361    
   0.5053682      0.1406215    
   0.5170032      0.1395918    
   0.5286789      0.1384461    
   0.5403908      0.1371837    
   0.5521343      0.1358040    
   0.5639047      0.1343068    
   0.5756972      0.1326918    
   0.5875068      0.1309590    
   0.5993287      0.1291088    
   0.6111575      0.1271416    
   0.6229881      0.1250580    
   0.6348151      0.1228590    
   0.6466330      0.1205457    
   0.6584361      0.1181195    
   0.6702185      0.1155821    
   0.6819742      0.1129354    
   0.6936972      0.1101816    
   0.7053811      0.1073232    
   0.7170193      0.1043630    
   0.7286050      0.1013040    
   0.7401313      0.9814960E-01
   0.7515910      0.9490363E-01
   0.7629765      0.9157014E-01
   0.7742800      0.8815358E-01
   0.7854936      0.8465877E-01
   0.7966087      0.8109156E-01
   0.8076165      0.7745529E-01
   0.8185079      0.7375778E-01
   0.8292733      0.7000792E-01
   0.8399024      0.6620890E-01
   0.8503846      0.6236971E-01
   0.8607087      0.5849845E-01
   0.8708626      0.5460382E-01
   0.8808336      0.5069519E-01
   0.8906082      0.4678261E-01
   0.9001717      0.4287691E-01
   0.9095083      0.3898977E-01
   0.9186009      0.3513383E-01
   0.9274308      0.3132280E-01
   0.9359774      0.2757163E-01
   0.9442177      0.2389673E-01
   0.9521259      0.2031622E-01
   0.9596725      0.1685033E-01
   0.9668235      0.1352193E-01
   0.9735384      0.1035730E-01
   0.9797679      0.7387415E-02
   0.9854501      0.4647961E-02
   0.9905022      0.2191899E-02
   0.9948042      0.8352528E-04
   0.9981539     -0.1568871E-02
    1.000000     -0.2483592E-02
