    1.000000      0.2500000E-02
   0.9981539      0.2874009E-02
   0.9948042      0.3550265E-02
   0.9905021      0.4414345E-02
   0.9854500      0.5422702E-02
   0.9797678      0.6548671E-02
   0.9735382      0.7773247E-02
   0.9668233      0.9081744E-02
   0.9596723      0.1046223E-01
   0.9521257      0.1190468E-01
   0.9442174      0.1340047E-01
   0.9359771      0.1494204E-01
   0.9274305      0.1652268E-01
   0.9186005      0.1813638E-01
   0.9095079      0.1977771E-01
   0.9001712      0.2144172E-01
   0.8906077      0.2312386E-01
   0.8808331      0.2481998E-01
   0.8708620      0.2652622E-01
   0.8607081      0.2823901E-01
   0.8503840      0.2995504E-01
   0.8399017      0.3167120E-01
   0.8292726      0.3338461E-01
   0.8185072      0.3509254E-01
   0.8076157      0.3679245E-01
   0.7966078      0.3848192E-01
   0.7854927      0.4015870E-01
   0.7742791      0.4182062E-01
   0.7629755      0.4346565E-01
   0.7515900      0.4509184E-01
   0.7401303      0.4669736E-01
   0.7286040      0.4828043E-01
   0.7170182      0.4983936E-01
   0.7053800      0.5137254E-01
   0.6936961      0.5287841E-01
   0.6819731      0.5435548E-01
   0.6702173      0.5580231E-01
   0.6584348      0.5721750E-01
   0.6466318      0.5859971E-01
   0.6348139      0.5994764E-01
   0.6229869      0.6126004E-01
   0.6111562      0.6253569E-01
   0.5993273      0.6377340E-01
   0.5875055      0.6497203E-01
   0.5756958      0.6613048E-01
   0.5639033      0.6724765E-01
   0.5521329      0.6832252E-01
   0.5403894      0.6935407E-01
   0.5286775      0.7034133E-01
   0.5170018      0.7128335E-01
   0.5053668      0.7217923E-01
   0.4937770      0.7302808E-01
   0.4822367      0.7382908E-01
   0.4707501      0.7458142E-01
   0.4593215      0.7528433E-01
   0.4479550      0.7593708E-01
   0.4366546      0.7653899E-01
   0.4254243      0.7708941E-01
   0.4142681      0.7758773E-01
   0.4031897      0.7803340E-01
   0.3921929      0.7842165E-01
   0.3812816      0.7874039E-01
   0.3704593      0.7898889E-01
   0.3597297      0.7916720E-01
   0.3490964      0.7927543E-01
   0.3385629      0.7931376E-01
   0.3281326      0.7928245E-01
   0.3178091      0.7918183E-01
   0.3075956      0.7901228E-01
   0.2974955      0.7877426E-01
   0.2875121      0.7846831E-01
   0.2776487      0.7809501E-01
   0.2679085      0.7765506E-01
   0.2582945      0.7714917E-01
   0.2488101      0.7657816E-01
   0.2394583      0.7594289E-01
   0.2302421      0.7524432E-01
   0.2211645      0.7448345E-01
   0.2122287      0.7366134E-01
   0.2034374      0.7277913E-01
   0.1947938      0.7183802E-01
   0.1863006      0.7083926E-01
   0.1779607      0.6978416E-01
   0.1697770      0.6867409E-01
   0.1617523      0.6751047E-01
   0.1538893      0.6629479E-01
   0.1461909      0.6502854E-01
   0.1386598      0.6371332E-01
   0.1312986      0.6235071E-01
   0.1241100      0.6094237E-01
   0.1170968      0.5948998E-01
   0.1102614      0.5799525E-01
   0.1036066      0.5645993E-01
   0.9713494E-01  0.5488577E-01
   0.9084894E-01  0.5327458E-01
   0.8475114E-01  0.5162813E-01
   0.7884408E-01  0.4994825E-01
   0.7313024E-01  0.4823675E-01
   0.6761211E-01  0.4649545E-01
   0.6229214E-01  0.4472616E-01
   0.5717276E-01  0.4293068E-01
   0.5225639E-01  0.4111082E-01
   0.4754543E-01  0.3926833E-01
   0.4304226E-01  0.3740498E-01
   0.3874923E-01  0.3552247E-01
   0.3466869E-01  0.3362249E-01
   0.3080296E-01  0.3170668E-01
   0.2715436E-01  0.2977665E-01
   0.2372517E-01  0.2783392E-01
   0.2051766E-01  0.2588000E-01
   0.1753410E-01  0.2391631E-01
   0.1477672E-01  0.2194420E-01
   0.1224776E-01  0.1996496E-01
   0.9949417E-02  0.1797979E-01
   0.7883897E-02  0.1598982E-01
   0.6053378E-02  0.1399608E-01
   0.4460026E-02  0.1199950E-01
   0.3105995E-02  0.1000093E-01
   0.1993422E-02  0.8001097E-02
   0.1124431E-02  0.6000634E-02
   0.5011347E-03  0.4000053E-02
   0.1256295E-03  0.1999749E-02
    0.000000      0.2300680E-17
   0.1256295E-03 -0.1974628E-02
   0.5011347E-03 -0.3899889E-02
   0.1124431E-02 -0.5776064E-02
   0.1993422E-02 -0.7603406E-02
   0.3105995E-02 -0.9382140E-02
   0.4460026E-02 -0.1111247E-01
   0.6053378E-02 -0.1279456E-01
   0.7883897E-02 -0.1442858E-01
   0.9949417E-02 -0.1601465E-01
   0.1224776E-01 -0.1755291E-01
   0.1477672E-01 -0.1904344E-01
   0.1753410E-01 -0.2048635E-01
   0.2051766E-01 -0.2188171E-01
   0.2372517E-01 -0.2322961E-01
   0.2715436E-01 -0.2453011E-01
   0.3080296E-01 -0.2578330E-01
   0.3466869E-01 -0.2698923E-01
   0.3874923E-01 -0.2814800E-01
   0.4304226E-01 -0.2925969E-01
   0.4754543E-01 -0.3032439E-01
   0.5225639E-01 -0.3134222E-01
   0.5717276E-01 -0.3231331E-01
   0.6229214E-01 -0.3323781E-01
   0.6761211E-01 -0.3411587E-01
   0.7313024E-01 -0.3494771E-01
   0.7884408E-01 -0.3573353E-01
   0.8475114E-01 -0.3647359E-01
   0.9084894E-01 -0.3716817E-01
   0.9713494E-01 -0.3781758E-01
   0.1036066     -0.3842218E-01
   0.1102614     -0.3898236E-01
   0.1170968     -0.3949854E-01
   0.1241100     -0.3997119E-01
   0.1312986     -0.4040082E-01
   0.1386598     -0.4078800E-01
   0.1461909     -0.4113331E-01
   0.1538893     -0.4143740E-01
   0.1617523     -0.4170097E-01
   0.1697770     -0.4192475E-01
   0.1779607     -0.4210952E-01
   0.1863006     -0.4225612E-01
   0.1947938     -0.4236542E-01
   0.2034374     -0.4243834E-01
   0.2122287     -0.4247586E-01
   0.2211645     -0.4247898E-01
   0.2302421     -0.4244876E-01
   0.2394583     -0.4238631E-01
   0.2488101     -0.4229275E-01
   0.2582945     -0.4216928E-01
   0.2679085     -0.4201710E-01
   0.2776487     -0.4183747E-01
   0.2875121     -0.4163169E-01
   0.2974955     -0.4140105E-01
   0.3075956     -0.4114692E-01
   0.3178091     -0.4087067E-01
   0.3281326     -0.4057368E-01
   0.3385629     -0.4025739E-01
   0.3490964     -0.3992322E-01
   0.3597297     -0.3957262E-01
   0.3704593     -0.3920705E-01
   0.3812816     -0.3882798E-01
   0.3921929     -0.3843689E-01
   0.4031897     -0.3803453E-01
   0.4142681     -0.3761035E-01
   0.4254243     -0.3716123E-01
   0.4366546     -0.3668828E-01
   0.4479550     -0.3619260E-01
   0.4593215     -0.3567533E-01
   0.4707501     -0.3513759E-01
   0.4822367     -0.3458051E-01
   0.4937770     -0.3400521E-01
   0.5053668     -0.3341280E-01
   0.5170018     -0.3280440E-01
   0.5286775     -0.3218110E-01
   0.5403894     -0.3154398E-01
   0.5521329     -0.3089412E-01
   0.5639033     -0.3023258E-01
   0.5756958     -0.2956037E-01
   0.5875055     -0.2887851E-01
   0.5993273     -0.2818800E-01
   0.6111562     -0.2748979E-01
   0.6229869     -0.2678484E-01
   0.6348139     -0.2607404E-01
   0.6466318     -0.2535829E-01
   0.6584348     -0.2463845E-01
   0.6702173     -0.2391535E-01
   0.6819731     -0.2318980E-01
   0.6936961     -0.2246257E-01
   0.7053800     -0.2173442E-01
   0.7170182     -0.2100609E-01
   0.7286040     -0.2027827E-01
   0.7401303     -0.1955165E-01
   0.7515900     -0.1882690E-01
   0.7629755     -0.1810467E-01
   0.7742791     -0.1738560E-01
   0.7854927     -0.1667032E-01
   0.7966078     -0.1595945E-01
   0.8076157     -0.1525362E-01
   0.8185072     -0.1455346E-01
   0.8292726     -0.1385960E-01
   0.8399017     -0.1317270E-01
   0.8503840     -0.1249345E-01
   0.8607081     -0.1182256E-01
   0.8708620     -0.1116078E-01
   0.8808331     -0.1050892E-01
   0.8906077     -0.9867855E-02
   0.9001712     -0.9238524E-02
   0.9095079     -0.8621967E-02
   0.9186005     -0.8019331E-02
   0.9274305     -0.7431893E-02
   0.9359771     -0.6861087E-02
   0.9442174     -0.6308537E-02
   0.9521257     -0.5776097E-02
   0.9596723     -0.5265911E-02
   0.9668233     -0.4780487E-02
   0.9735382     -0.4322813E-02
   0.9797678     -0.3896531E-02
   0.9854500     -0.3506231E-02
   0.9905021     -0.3157984E-02
   0.9948042     -0.2860491E-02
   0.9981539     -0.2628238E-02
    1.000000     -0.2500000E-02
