    1.000000      0.2546663E-02
   0.9981539      0.4767422E-02
   0.9948043      0.8775955E-02
   0.9905023      0.1387361E-01
   0.9854503      0.1981071E-01
   0.9797682      0.2641540E-01
   0.9735387      0.3356763E-01
   0.9668239      0.4117307E-01
   0.9596730      0.4915385E-01
   0.9521264      0.5744355E-01
   0.9442183      0.6598419E-01
   0.9359781      0.7472429E-01
   0.9274316      0.8361758E-01
   0.9186018      0.9262208E-01
   0.9095092      0.1016994    
   0.9001727      0.1108144    
   0.8906093      0.1199344    
   0.8808349      0.1290294    
   0.8708639      0.1380715    
   0.8607101      0.1470346    
   0.8503861      0.1558947    
   0.8399040      0.1646292    
   0.8292749      0.1732172    
   0.8185097      0.1816393    
   0.8076183      0.1898772    
   0.7966105      0.1979143    
   0.7854955      0.2057348    
   0.7742820      0.2133243    
   0.7629785      0.2206695    
   0.7515931      0.2277580    
   0.7401335      0.2345786    
   0.7286073      0.2411209    
   0.7170216      0.2473756    
   0.7053835      0.2533340    
   0.6936997      0.2589888    
   0.6819767      0.2643329    
   0.6702210      0.2693630    
   0.6584386      0.2740647    
   0.6466356      0.2784457    
   0.6348178      0.2824952    
   0.6229908      0.2862118    
   0.6111602      0.2895929    
   0.5993313      0.2926371    
   0.5875095      0.2953431    
   0.5756999      0.2977107    
   0.5639074      0.2997400    
   0.5521370      0.3014317    
   0.5403935      0.3027872    
   0.5286816      0.3038083    
   0.5170060      0.3044976    
   0.5053710      0.3048579    
   0.4937812      0.3048926    
   0.4822408      0.3046056    
   0.4707543      0.3040014    
   0.4593257      0.3030847    
   0.4479592      0.3018608    
   0.4366587      0.3003354    
   0.4254284      0.2985145    
   0.4142721      0.2964047    
   0.4031937      0.2940128    
   0.3921969      0.2913460    
   0.3812855      0.2884118    
   0.3704632      0.2852182    
   0.3597336      0.2817734    
   0.3491002      0.2780858    
   0.3385666      0.2741642    
   0.3281363      0.2700178    
   0.3178127      0.2656558    
   0.3075992      0.2610878    
   0.2974990      0.2563236    
   0.2875156      0.2513731    
   0.2776521      0.2462467    
   0.2679118      0.2409546    
   0.2582978      0.2355074    
   0.2488133      0.2299159    
   0.2394613      0.2241907    
   0.2302451      0.2183428    
   0.2211674      0.2123833    
   0.2122315      0.2063233    
   0.2034402      0.2001739    
   0.1947964      0.1939465    
   0.1863031      0.1876521    
   0.1779632      0.1813022    
   0.1697794      0.1749079    
   0.1617546      0.1684806    
   0.1538916      0.1620314    
   0.1461931      0.1555716    
   0.1386618      0.1491122    
   0.1313005      0.1426642    
   0.1241119      0.1362387    
   0.1170986      0.1298465    
   0.1102631      0.1234982    
   0.1036083      0.1172046    
   0.9713649E-01  0.1109760    
   0.9085040E-01  0.1048229    
   0.8475252E-01  0.9875541E-01
   0.7884538E-01  0.9278356E-01
   0.7313146E-01  0.8691725E-01
   0.6761326E-01  0.8116620E-01
   0.6229321E-01  0.7553997E-01
   0.5717375E-01  0.7004793E-01
   0.5225731E-01  0.6469932E-01
   0.4754628E-01  0.5950319E-01
   0.4304304E-01  0.5446841E-01
   0.3874995E-01  0.4960372E-01
   0.3466934E-01  0.4491765E-01
   0.3080356E-01  0.4041860E-01
   0.2715489E-01  0.3611477E-01
   0.2372564E-01  0.3201421E-01
   0.2051808E-01  0.2812478E-01
   0.1753447E-01  0.2445420E-01
   0.1477704E-01  0.2100997E-01
   0.1224803E-01  0.1779941E-01
   0.9949648E-02  0.1482969E-01
   0.7884089E-02  0.1210767E-01
   0.6053533E-02  0.9640222E-02
   0.4460148E-02  0.7433359E-02
   0.3106087E-02  0.5494610E-02
   0.1993488E-02  0.3826331E-02
   0.1124475E-02  0.2442328E-02
   0.5011599E-03  0.1331054E-02
   0.1256407E-03  0.5343566E-03
  -0.1276553E-08 -0.5975605E-05
   0.1256220E-03 -0.2551043E-03
   0.5011264E-03 -0.1293914E-03
   0.1124425E-02  0.2513917E-03
   0.1993422E-02  0.9502614E-03
   0.3106006E-02  0.1937515E-02
   0.4460053E-02  0.3225312E-02
   0.6053424E-02  0.4802871E-02
   0.7883967E-02  0.6668495E-02
   0.9949516E-02  0.8816384E-02
   0.1224789E-01  0.1124146E-01
   0.1477689E-01  0.1393774E-01
   0.1753431E-01  0.1689887E-01
   0.2051791E-01  0.2011797E-01
   0.2372547E-01  0.2358772E-01
   0.2715471E-01  0.2730036E-01
   0.3080337E-01  0.3124768E-01
   0.3466916E-01  0.3542108E-01
   0.3874976E-01  0.3981157E-01
   0.4304285E-01  0.4440982E-01
   0.4754610E-01  0.4920615E-01
   0.5225713E-01  0.5419057E-01
   0.5717357E-01  0.5935280E-01
   0.6229303E-01  0.6468233E-01
   0.6761308E-01  0.7016839E-01
   0.7313129E-01  0.7579999E-01
   0.7884521E-01  0.8156599E-01
   0.8475236E-01  0.8745506E-01
   0.9085024E-01  0.9345573E-01
   0.9713634E-01  0.9955642E-01
   0.1036081      0.1057454    
   0.1102630      0.1120110    
   0.1170984      0.1183414    
   0.1241118      0.1247246    
   0.1313004      0.1311488    
   0.1386617      0.1376021    
   0.1461930      0.1440726    
   0.1538915      0.1505483    
   0.1617545      0.1570174    
   0.1697793      0.1634681    
   0.1779631      0.1698886    
   0.1863031      0.1762671    
   0.1947964      0.1825921    
   0.2034401      0.1888518    
   0.2122314      0.1950350    
   0.2211674      0.2011301    
   0.2302450      0.2071258    
   0.2394613      0.2130112    
   0.2488132      0.2187750    
   0.2582977      0.2244064    
   0.2679117      0.2298947    
   0.2776520      0.2352293    
   0.2875155      0.2403997    
   0.2974990      0.2453957    
   0.3075991      0.2502072    
   0.3178127      0.2548244    
   0.3281363      0.2592377    
   0.3385666      0.2634376    
   0.3491002      0.2674149    
   0.3597336      0.2711607    
   0.3704632      0.2746663    
   0.3812855      0.2779233    
   0.3921969      0.2809235    
   0.4031937      0.2836592    
   0.4142721      0.2861229    
   0.4254284      0.2883073    
   0.4366587      0.2902057    
   0.4479591      0.2918115    
   0.4593257      0.2931187    
   0.4707543      0.2941215    
   0.4822408      0.2948147    
   0.4937812      0.2951933    
   0.5053710      0.2952529    
   0.5170060      0.2949895    
   0.5286816      0.2943996    
   0.5403935      0.2934800    
   0.5521370      0.2922283    
   0.5639074      0.2906425    
   0.5756999      0.2887211    
   0.5875095      0.2864631    
   0.5993313      0.2838681    
   0.6111602      0.2809366    
   0.6229908      0.2776692    
   0.6348178      0.2740676    
   0.6466356      0.2701338    
   0.6584386      0.2658725    
   0.6702210      0.2612791    
   0.6819767      0.2563718    
   0.6936997      0.2511451    
   0.7053835      0.2456078    
   0.7170216      0.2397665    
   0.7286073      0.2336286    
   0.7401335      0.2272024    
   0.7515931      0.2204971    
   0.7629785      0.2135229    
   0.7742820      0.2062909    
   0.7854955      0.1988132    
   0.7966105      0.1911031    
   0.8076183      0.1831747    
   0.8185097      0.1750435    
   0.8292749      0.1667262    
   0.8399040      0.1582408    
   0.8503861      0.1496067    
   0.8607101      0.1408445    
   0.8708639      0.1319766    
   0.8808349      0.1230271    
   0.8906093      0.1140217    
   0.9001727      0.1049883    
   0.9095092      0.9595688E-01
   0.9186018      0.8695977E-01
   0.9274316      0.7803212E-01
   0.9359781      0.6921216E-01
   0.9442183      0.6054174E-01
   0.9521264      0.5206699E-01
   0.9596730      0.4383923E-01
   0.9668239      0.3591629E-01
   0.9735387      0.2836437E-01
   0.9797682      0.2126108E-01
   0.9854503      0.1470041E-01
   0.9905023      0.8801967E-02
   0.9948043      0.3724083E-02
   0.9981539     -0.2512122E-03
    1.000000     -0.2453618E-02
