Zone T="FFD_vol0" I=10 J=2 K=2
DATAPACKING=POINT
1.000000 -0.066639 0.000000 
0.973716 0.114246 0.000000 
0.899672 0.215921 0.000000 
0.763006 0.320982 0.000000 
0.615441 0.350483 0.000000 
0.384559 0.350483 0.000000 
0.236994 0.320982 0.000000 
0.100328 0.215921 0.000000 
0.026284 0.114246 0.000000 
0.000000 -0.066639 0.000000 
1.000000 -0.076639 0.000000 
0.962798 0.016363 0.000000 
0.913486 0.066622 0.000000 
0.797974 0.164164 0.000000 
0.643930 0.218963 0.000000 
0.356070 0.218963 0.000000 
0.202026 0.164164 0.000000 
0.086514 0.066622 0.000000 
0.037202 0.016363 0.000000 
0.000000 -0.076639 0.000000 
1.000000 -0.066639 0.100000 
0.973716 0.114246 0.100000 
0.899672 0.215921 0.100000 
0.763006 0.320982 0.100000 
0.615441 0.350483 0.100000 
0.384559 0.350483 0.100000 
0.236994 0.320982 0.100000 
0.100328 0.215921 0.100000 
0.026284 0.114246 0.100000 
0.000000 -0.066639 0.100000 
1.000000 -0.076639 0.100000 
0.962798 0.016363 0.100000 
0.913486 0.066622 0.100000 
0.797974 0.164164 0.100000 
0.643930 0.218963 0.100000 
0.356070 0.218963 0.100000 
0.202026 0.164164 0.100000 
0.086514 0.066622 0.100000 
0.037202 0.016363 0.100000 
0.000000 -0.076639 0.100000 
