Zone T="embedding_vol" I=28 J=4 K=4
DATAPACKING=POINT
1.000000 -0.066639 0.000000 
0.990850 -0.010993 0.000000 
0.980958 0.036025 0.000000 
0.970376 0.075421 0.000000 
0.947360 0.135365 0.000000 
0.922228 0.176881 0.000000 
0.895405 0.208013 0.000000 
0.852785 0.248132 0.000000 
0.807865 0.281938 0.000000 
0.761190 0.308389 0.000000 
0.712765 0.326902 0.000000 
0.660448 0.338726 0.000000 
0.601555 0.345567 0.000000 
0.534880 0.348844 0.000000 
0.465120 0.348844 0.000000 
0.398445 0.345567 0.000000 
0.339552 0.338726 0.000000 
0.287235 0.326902 0.000000 
0.238810 0.308389 0.000000 
0.192135 0.281938 0.000000 
0.147215 0.248132 0.000000 
0.104595 0.208013 0.000000 
0.077772 0.176881 0.000000 
0.052640 0.135365 0.000000 
0.029624 0.075421 0.000000 
0.019042 0.036025 0.000000 
0.009150 -0.010993 0.000000 
0.000000 -0.066639 0.000000 
1.000000 -0.069972 0.000000 
0.989912 -0.023347 0.000000 
0.979586 0.016048 0.000000 
0.969004 0.049077 0.000000 
0.946999 0.099507 0.000000 
0.923753 0.134875 0.000000 
0.899124 0.162113 0.000000 
0.859421 0.198743 0.000000 
0.816683 0.231184 0.000000 
0.771310 0.257939 0.000000 
0.723143 0.277929 0.000000 
0.669776 0.291726 0.000000 
0.608246 0.300321 0.000000 
0.537318 0.304536 0.000000 
0.462682 0.304536 0.000000 
0.391754 0.300321 0.000000 
0.330224 0.291726 0.000000 
0.276857 0.277929 0.000000 
0.228690 0.257939 0.000000 
0.183317 0.231184 0.000000 
0.140579 0.198743 0.000000 
0.100876 0.162113 0.000000 
0.076247 0.134875 0.000000 
0.053001 0.099507 0.000000 
0.030996 0.049077 0.000000 
0.020414 0.016048 0.000000 
0.010088 -0.023347 0.000000 
0.000000 -0.069972 0.000000 
1.000000 -0.073306 0.000000 
0.988975 -0.035700 0.000000 
0.978215 -0.003930 0.000000 
0.967632 0.022733 0.000000 
0.946637 0.063648 0.000000 
0.925278 0.092868 0.000000 
0.902843 0.116214 0.000000 
0.866057 0.149355 0.000000 
0.825501 0.180430 0.000000 
0.781431 0.207490 0.000000 
0.733520 0.228955 0.000000 
0.679104 0.244727 0.000000 
0.614937 0.255075 0.000000 
0.539756 0.260227 0.000000 
0.460244 0.260227 0.000000 
0.385063 0.255075 0.000000 
0.320896 0.244727 0.000000 
0.266480 0.228955 0.000000 
0.218569 0.207490 0.000000 
0.174499 0.180430 0.000000 
0.133943 0.149355 0.000000 
0.097157 0.116214 0.000000 
0.074722 0.092868 0.000000 
0.053363 0.063648 0.000000 
0.032368 0.022733 0.000000 
0.021785 -0.003930 0.000000 
0.011025 -0.035700 0.000000 
0.000000 -0.073306 0.000000 
1.000000 -0.076639 0.000000 
0.988037 -0.048054 0.000000 
0.976844 -0.023908 0.000000 
0.966259 -0.003611 0.000000 
0.946275 0.027790 0.000000 
0.926804 0.050861 0.000000 
0.906562 0.070314 0.000000 
0.872693 0.099966 0.000000 
0.834319 0.129676 0.000000 
0.791552 0.157040 0.000000 
0.743897 0.179981 0.000000 
0.688432 0.197727 0.000000 
0.621627 0.209830 0.000000 
0.542195 0.215919 0.000000 
0.457805 0.215919 0.000000 
0.378373 0.209830 0.000000 
0.311568 0.197727 0.000000 
0.256103 0.179981 0.000000 
0.208448 0.157040 0.000000 
0.165681 0.129676 0.000000 
0.127307 0.099966 0.000000 
0.093438 0.070314 0.000000 
0.073196 0.050861 0.000000 
0.053725 0.027790 0.000000 
0.033741 -0.003611 0.000000 
0.023156 -0.023908 0.000000 
0.011963 -0.048054 0.000000 
0.000000 -0.076639 0.000000 
1.000000 -0.066639 0.033333 
0.990850 -0.010993 0.033333 
0.980958 0.036025 0.033333 
0.970376 0.075421 0.033333 
0.947360 0.135365 0.033333 
0.922228 0.176881 0.033333 
0.895405 0.208013 0.033333 
0.852785 0.248132 0.033333 
0.807865 0.281938 0.033333 
0.761190 0.308389 0.033333 
0.712765 0.326902 0.033333 
0.660448 0.338726 0.033333 
0.601555 0.345567 0.033333 
0.534880 0.348844 0.033333 
0.465120 0.348844 0.033333 
0.398445 0.345567 0.033333 
0.339552 0.338726 0.033333 
0.287235 0.326902 0.033333 
0.238810 0.308389 0.033333 
0.192135 0.281938 0.033333 
0.147215 0.248132 0.033333 
0.104595 0.208013 0.033333 
0.077772 0.176881 0.033333 
0.052640 0.135365 0.033333 
0.029624 0.075421 0.033333 
0.019042 0.036025 0.033333 
0.009150 -0.010993 0.033333 
0.000000 -0.066639 0.033333 
1.000000 -0.069972 0.033333 
0.989912 -0.023347 0.033333 
0.979586 0.016048 0.033333 
0.969004 0.049077 0.033333 
0.946999 0.099507 0.033333 
0.923753 0.134875 0.033333 
0.899124 0.162113 0.033333 
0.859421 0.198743 0.033333 
0.816683 0.231184 0.033333 
0.771310 0.257939 0.033333 
0.723143 0.277929 0.033333 
0.669776 0.291726 0.033333 
0.608246 0.300321 0.033333 
0.537318 0.304536 0.033333 
0.462682 0.304536 0.033333 
0.391754 0.300321 0.033333 
0.330224 0.291726 0.033333 
0.276857 0.277929 0.033333 
0.228690 0.257939 0.033333 
0.183317 0.231184 0.033333 
0.140579 0.198743 0.033333 
0.100876 0.162113 0.033333 
0.076247 0.134875 0.033333 
0.053001 0.099507 0.033333 
0.030996 0.049077 0.033333 
0.020414 0.016048 0.033333 
0.010088 -0.023347 0.033333 
0.000000 -0.069972 0.033333 
1.000000 -0.073306 0.033333 
0.988975 -0.035700 0.033333 
0.978215 -0.003930 0.033333 
0.967632 0.022733 0.033333 
0.946637 0.063648 0.033333 
0.925278 0.092868 0.033333 
0.902843 0.116214 0.033333 
0.866057 0.149355 0.033333 
0.825501 0.180430 0.033333 
0.781431 0.207490 0.033333 
0.733520 0.228955 0.033333 
0.679104 0.244727 0.033333 
0.614937 0.255075 0.033333 
0.539756 0.260227 0.033333 
0.460244 0.260227 0.033333 
0.385063 0.255075 0.033333 
0.320896 0.244727 0.033333 
0.266480 0.228955 0.033333 
0.218569 0.207490 0.033333 
0.174499 0.180430 0.033333 
0.133943 0.149355 0.033333 
0.097157 0.116214 0.033333 
0.074722 0.092868 0.033333 
0.053363 0.063648 0.033333 
0.032368 0.022733 0.033333 
0.021785 -0.003930 0.033333 
0.011025 -0.035700 0.033333 
0.000000 -0.073306 0.033333 
1.000000 -0.076639 0.033333 
0.988037 -0.048054 0.033333 
0.976844 -0.023908 0.033333 
0.966259 -0.003611 0.033333 
0.946275 0.027790 0.033333 
0.926804 0.050861 0.033333 
0.906562 0.070314 0.033333 
0.872693 0.099966 0.033333 
0.834319 0.129676 0.033333 
0.791552 0.157040 0.033333 
0.743897 0.179981 0.033333 
0.688432 0.197727 0.033333 
0.621627 0.209830 0.033333 
0.542195 0.215919 0.033333 
0.457805 0.215919 0.033333 
0.378373 0.209830 0.033333 
0.311568 0.197727 0.033333 
0.256103 0.179981 0.033333 
0.208448 0.157040 0.033333 
0.165681 0.129676 0.033333 
0.127307 0.099966 0.033333 
0.093438 0.070314 0.033333 
0.073196 0.050861 0.033333 
0.053725 0.027790 0.033333 
0.033741 -0.003611 0.033333 
0.023156 -0.023908 0.033333 
0.011963 -0.048054 0.033333 
0.000000 -0.076639 0.033333 
1.000000 -0.066639 0.066667 
0.990850 -0.010993 0.066667 
0.980958 0.036025 0.066667 
0.970376 0.075421 0.066667 
0.947360 0.135365 0.066667 
0.922228 0.176881 0.066667 
0.895405 0.208013 0.066667 
0.852785 0.248132 0.066667 
0.807865 0.281938 0.066667 
0.761190 0.308389 0.066667 
0.712765 0.326902 0.066667 
0.660448 0.338726 0.066667 
0.601555 0.345567 0.066667 
0.534880 0.348844 0.066667 
0.465120 0.348844 0.066667 
0.398445 0.345567 0.066667 
0.339552 0.338726 0.066667 
0.287235 0.326902 0.066667 
0.238810 0.308389 0.066667 
0.192135 0.281938 0.066667 
0.147215 0.248132 0.066667 
0.104595 0.208013 0.066667 
0.077772 0.176881 0.066667 
0.052640 0.135365 0.066667 
0.029624 0.075421 0.066667 
0.019042 0.036025 0.066667 
0.009150 -0.010993 0.066667 
0.000000 -0.066639 0.066667 
1.000000 -0.069972 0.066667 
0.989912 -0.023347 0.066667 
0.979586 0.016048 0.066667 
0.969004 0.049077 0.066667 
0.946999 0.099507 0.066667 
0.923753 0.134875 0.066667 
0.899124 0.162113 0.066667 
0.859421 0.198743 0.066667 
0.816683 0.231184 0.066667 
0.771310 0.257939 0.066667 
0.723143 0.277929 0.066667 
0.669776 0.291726 0.066667 
0.608246 0.300321 0.066667 
0.537318 0.304536 0.066667 
0.462682 0.304536 0.066667 
0.391754 0.300321 0.066667 
0.330224 0.291726 0.066667 
0.276857 0.277929 0.066667 
0.228690 0.257939 0.066667 
0.183317 0.231184 0.066667 
0.140579 0.198743 0.066667 
0.100876 0.162113 0.066667 
0.076247 0.134875 0.066667 
0.053001 0.099507 0.066667 
0.030996 0.049077 0.066667 
0.020414 0.016048 0.066667 
0.010088 -0.023347 0.066667 
0.000000 -0.069972 0.066667 
1.000000 -0.073306 0.066667 
0.988975 -0.035700 0.066667 
0.978215 -0.003930 0.066667 
0.967632 0.022733 0.066667 
0.946637 0.063648 0.066667 
0.925278 0.092868 0.066667 
0.902843 0.116214 0.066667 
0.866057 0.149355 0.066667 
0.825501 0.180430 0.066667 
0.781431 0.207490 0.066667 
0.733520 0.228955 0.066667 
0.679104 0.244727 0.066667 
0.614937 0.255075 0.066667 
0.539756 0.260227 0.066667 
0.460244 0.260227 0.066667 
0.385063 0.255075 0.066667 
0.320896 0.244727 0.066667 
0.266480 0.228955 0.066667 
0.218569 0.207490 0.066667 
0.174499 0.180430 0.066667 
0.133943 0.149355 0.066667 
0.097157 0.116214 0.066667 
0.074722 0.092868 0.066667 
0.053363 0.063648 0.066667 
0.032368 0.022733 0.066667 
0.021785 -0.003930 0.066667 
0.011025 -0.035700 0.066667 
0.000000 -0.073306 0.066667 
1.000000 -0.076639 0.066667 
0.988037 -0.048054 0.066667 
0.976844 -0.023908 0.066667 
0.966259 -0.003611 0.066667 
0.946275 0.027790 0.066667 
0.926804 0.050861 0.066667 
0.906562 0.070314 0.066667 
0.872693 0.099966 0.066667 
0.834319 0.129676 0.066667 
0.791552 0.157040 0.066667 
0.743897 0.179981 0.066667 
0.688432 0.197727 0.066667 
0.621627 0.209830 0.066667 
0.542195 0.215919 0.066667 
0.457805 0.215919 0.066667 
0.378373 0.209830 0.066667 
0.311568 0.197727 0.066667 
0.256103 0.179981 0.066667 
0.208448 0.157040 0.066667 
0.165681 0.129676 0.066667 
0.127307 0.099966 0.066667 
0.093438 0.070314 0.066667 
0.073196 0.050861 0.066667 
0.053725 0.027790 0.066667 
0.033741 -0.003611 0.066667 
0.023156 -0.023908 0.066667 
0.011963 -0.048054 0.066667 
0.000000 -0.076639 0.066667 
1.000000 -0.066639 0.100000 
0.990850 -0.010993 0.100000 
0.980958 0.036025 0.100000 
0.970376 0.075421 0.100000 
0.947360 0.135365 0.100000 
0.922228 0.176881 0.100000 
0.895405 0.208013 0.100000 
0.852785 0.248132 0.100000 
0.807865 0.281938 0.100000 
0.761190 0.308389 0.100000 
0.712765 0.326902 0.100000 
0.660448 0.338726 0.100000 
0.601555 0.345567 0.100000 
0.534880 0.348844 0.100000 
0.465120 0.348844 0.100000 
0.398445 0.345567 0.100000 
0.339552 0.338726 0.100000 
0.287235 0.326902 0.100000 
0.238810 0.308389 0.100000 
0.192135 0.281938 0.100000 
0.147215 0.248132 0.100000 
0.104595 0.208013 0.100000 
0.077772 0.176881 0.100000 
0.052640 0.135365 0.100000 
0.029624 0.075421 0.100000 
0.019042 0.036025 0.100000 
0.009150 -0.010993 0.100000 
0.000000 -0.066639 0.100000 
1.000000 -0.069972 0.100000 
0.989912 -0.023347 0.100000 
0.979586 0.016048 0.100000 
0.969004 0.049077 0.100000 
0.946999 0.099507 0.100000 
0.923753 0.134875 0.100000 
0.899124 0.162113 0.100000 
0.859421 0.198743 0.100000 
0.816683 0.231184 0.100000 
0.771310 0.257939 0.100000 
0.723143 0.277929 0.100000 
0.669776 0.291726 0.100000 
0.608246 0.300321 0.100000 
0.537318 0.304536 0.100000 
0.462682 0.304536 0.100000 
0.391754 0.300321 0.100000 
0.330224 0.291726 0.100000 
0.276857 0.277929 0.100000 
0.228690 0.257939 0.100000 
0.183317 0.231184 0.100000 
0.140579 0.198743 0.100000 
0.100876 0.162113 0.100000 
0.076247 0.134875 0.100000 
0.053001 0.099507 0.100000 
0.030996 0.049077 0.100000 
0.020414 0.016048 0.100000 
0.010088 -0.023347 0.100000 
0.000000 -0.069972 0.100000 
1.000000 -0.073306 0.100000 
0.988975 -0.035700 0.100000 
0.978215 -0.003930 0.100000 
0.967632 0.022733 0.100000 
0.946637 0.063648 0.100000 
0.925278 0.092868 0.100000 
0.902843 0.116214 0.100000 
0.866057 0.149355 0.100000 
0.825501 0.180430 0.100000 
0.781431 0.207490 0.100000 
0.733520 0.228955 0.100000 
0.679104 0.244727 0.100000 
0.614937 0.255075 0.100000 
0.539756 0.260227 0.100000 
0.460244 0.260227 0.100000 
0.385063 0.255075 0.100000 
0.320896 0.244727 0.100000 
0.266480 0.228955 0.100000 
0.218569 0.207490 0.100000 
0.174499 0.180430 0.100000 
0.133943 0.149355 0.100000 
0.097157 0.116214 0.100000 
0.074722 0.092868 0.100000 
0.053363 0.063648 0.100000 
0.032368 0.022733 0.100000 
0.021785 -0.003930 0.100000 
0.011025 -0.035700 0.100000 
0.000000 -0.073306 0.100000 
1.000000 -0.076639 0.100000 
0.988037 -0.048054 0.100000 
0.976844 -0.023908 0.100000 
0.966259 -0.003611 0.100000 
0.946275 0.027790 0.100000 
0.926804 0.050861 0.100000 
0.906562 0.070314 0.100000 
0.872693 0.099966 0.100000 
0.834319 0.129676 0.100000 
0.791552 0.157040 0.100000 
0.743897 0.179981 0.100000 
0.688432 0.197727 0.100000 
0.621627 0.209830 0.100000 
0.542195 0.215919 0.100000 
0.457805 0.215919 0.100000 
0.378373 0.209830 0.100000 
0.311568 0.197727 0.100000 
0.256103 0.179981 0.100000 
0.208448 0.157040 0.100000 
0.165681 0.129676 0.100000 
0.127307 0.099966 0.100000 
0.093438 0.070314 0.100000 
0.073196 0.050861 0.100000 
0.053725 0.027790 0.100000 
0.033741 -0.003611 0.100000 
0.023156 -0.023908 0.100000 
0.011963 -0.048054 0.100000 
0.000000 -0.076639 0.100000 
