Zone T="FFD_vol1" I=10 J=2 K=2
DATAPACKING=POINT
1.737246 -0.937380 0.000000 
1.701137 -0.730764 0.000000 
1.640049 -0.624018 0.000000 
1.570333 -0.547509 0.000000 
1.492772 -0.436480 0.000000 
1.406395 -0.367767 0.000000 
1.312260 -0.316388 0.000000 
1.206650 -0.216983 0.000000 
1.092992 -0.172346 0.000000 
0.934476 -0.238964 0.000000 
1.728306 -0.949426 0.000000 
1.690735 -0.743613 0.000000 
1.627163 -0.638453 0.000000 
1.554682 -0.564030 0.000000 
1.474420 -0.455423 0.000000 
1.385757 -0.389162 0.000000 
1.289906 -0.340089 0.000000 
1.183266 -0.242782 0.000000 
1.069207 -0.199558 0.000000 
0.928517 -0.246994 0.000000 
1.737246 -0.937380 0.100000 
1.701137 -0.730764 0.100000 
1.640049 -0.624018 0.100000 
1.570333 -0.547509 0.100000 
1.492772 -0.436480 0.100000 
1.406395 -0.367767 0.100000 
1.312260 -0.316388 0.100000 
1.206650 -0.216983 0.100000 
1.092992 -0.172346 0.100000 
0.934476 -0.238964 0.100000 
1.728306 -0.949426 0.100000 
1.690735 -0.743613 0.100000 
1.627163 -0.638453 0.100000 
1.554682 -0.564030 0.100000 
1.474420 -0.455423 0.100000 
1.385757 -0.389162 0.100000 
1.289906 -0.340089 0.100000 
1.183266 -0.242782 0.100000 
1.069207 -0.199558 0.100000 
0.928517 -0.246994 0.100000 
