Zone T="FFD_vol2" I=10 J=2 K=2
DATAPACKING=POINT
2.260496 -1.768617 0.000000 
2.350488 -1.702358 0.000000 
2.305704 -1.559508 0.000000 
2.305971 -1.424869 0.000000 
2.290260 -1.289102 0.000000 
2.262863 -1.156641 0.000000 
2.194397 -1.036683 0.000000 
2.130816 -0.963174 0.000000 
2.057686 -0.915173 0.000000 
1.703960 -0.858586 0.000000 
2.246953 -1.775067 0.000000 
2.335812 -1.708446 0.000000 
2.288666 -1.565048 0.000000 
2.285571 -1.430045 0.000000 
2.265655 -1.294466 0.000000 
2.234040 -1.162997 0.000000 
2.162176 -1.044841 0.000000 
2.097727 -0.972213 0.000000 
2.025294 -0.922515 0.000000 
1.694932 -0.862886 0.000000 
2.260496 -1.768617 0.100000 
2.350488 -1.702358 0.100000 
2.305704 -1.559508 0.100000 
2.305971 -1.424869 0.100000 
2.290260 -1.289102 0.100000 
2.262863 -1.156641 0.100000 
2.194397 -1.036683 0.100000 
2.130816 -0.963174 0.100000 
2.057686 -0.915173 0.100000 
1.703960 -0.858586 0.100000 
2.246953 -1.775067 0.100000 
2.335812 -1.708446 0.100000 
2.288666 -1.565048 0.100000 
2.285571 -1.430045 0.100000 
2.265655 -1.294466 0.100000 
2.234040 -1.162997 0.100000 
2.162176 -1.044841 0.100000 
2.097727 -0.972213 0.100000 
2.025294 -0.922515 0.100000 
1.694932 -0.862886 0.100000 
