Zone T="embedding_vol" I=28 J=4 K=4
DATAPACKING=POINT
2.260496 -1.768617 0.000000 
2.286500 -1.746365 0.000000 
2.305198 -1.723882 0.000000 
2.317605 -1.701319 0.000000 
2.327621 -1.656564 0.000000 
2.324687 -1.613313 0.000000 
2.316945 -1.572781 0.000000 
2.309025 -1.518554 0.000000 
2.305509 -1.470185 0.000000 
2.303308 -1.424681 0.000000 
2.299873 -1.379578 0.000000 
2.294821 -1.334514 0.000000 
2.288312 -1.289653 0.000000 
2.280297 -1.245189 0.000000 
2.269895 -1.201432 0.000000 
2.256018 -1.158725 0.000000 
2.238043 -1.117559 0.000000 
2.217207 -1.079040 0.000000 
2.195211 -1.044425 0.000000 
2.173160 -1.014483 0.000000 
2.149762 -0.988039 0.000000 
2.123130 -0.963426 0.000000 
2.099342 -0.946934 0.000000 
2.052901 -0.928356 0.000000 
1.963428 -0.905527 0.000000 
1.896187 -0.891844 0.000000 
1.810546 -0.876287 0.000000 
1.703960 -0.858586 0.000000 
2.255982 -1.770767 0.000000 
2.281860 -1.748475 0.000000 
2.300430 -1.725955 0.000000 
2.312709 -1.703358 0.000000 
2.322467 -1.658539 0.000000 
2.319275 -1.615233 0.000000 
2.311275 -1.574653 0.000000 
2.302973 -1.520369 0.000000 
2.299069 -1.471960 0.000000 
2.296461 -1.426437 0.000000 
2.292592 -1.381335 0.000000 
2.287085 -1.336295 0.000000 
2.280110 -1.291486 0.000000 
2.271628 -1.247102 0.000000 
2.260770 -1.203456 0.000000 
2.246456 -1.160889 0.000000 
2.228076 -1.119890 0.000000 
2.206887 -1.081546 0.000000 
2.184611 -1.047093 0.000000 
2.162369 -1.017278 0.000000 
2.138866 -0.990895 0.000000 
2.112207 -0.966248 0.000000 
2.088525 -0.949661 0.000000 
2.042718 -0.930895 0.000000 
1.954907 -0.907751 0.000000 
1.889039 -0.893851 0.000000 
1.805215 -0.878032 0.000000 
1.700950 -0.860020 0.000000 
2.251467 -1.772917 0.000000 
2.277219 -1.750586 0.000000 
2.295661 -1.728029 0.000000 
2.307813 -1.705397 0.000000 
2.317313 -1.660514 0.000000 
2.313863 -1.617152 0.000000 
2.305606 -1.576525 0.000000 
2.296922 -1.522184 0.000000 
2.292629 -1.473736 0.000000 
2.289614 -1.428193 0.000000 
2.285310 -1.383092 0.000000 
2.279348 -1.338077 0.000000 
2.271907 -1.293318 0.000000 
2.262959 -1.249015 0.000000 
2.251644 -1.205479 0.000000 
2.236894 -1.163052 0.000000 
2.218110 -1.122220 0.000000 
2.196568 -1.084051 0.000000 
2.174012 -1.049761 0.000000 
2.151578 -1.020073 0.000000 
2.127969 -0.993752 0.000000 
2.101283 -0.969071 0.000000 
2.077707 -0.952388 0.000000 
2.032535 -0.933434 0.000000 
1.946387 -0.909975 0.000000 
1.881891 -0.895858 0.000000 
1.799883 -0.879777 0.000000 
1.697941 -0.861453 0.000000 
2.246953 -1.775067 0.000000 
2.272578 -1.752697 0.000000 
2.290893 -1.730103 0.000000 
2.302916 -1.707435 0.000000 
2.312159 -1.662489 0.000000 
2.308451 -1.619072 0.000000 
2.299937 -1.578397 0.000000 
2.290870 -1.523998 0.000000 
2.286189 -1.475512 0.000000 
2.282767 -1.429949 0.000000 
2.278029 -1.384849 0.000000 
2.271612 -1.339859 0.000000 
2.263705 -1.295151 0.000000 
2.254290 -1.250928 0.000000 
2.242519 -1.207503 0.000000 
2.227332 -1.165216 0.000000 
2.208144 -1.124550 0.000000 
2.186249 -1.086557 0.000000 
2.163412 -1.052429 0.000000 
2.140786 -1.022868 0.000000 
2.117073 -0.996608 0.000000 
2.090360 -0.971893 0.000000 
2.066889 -0.955115 0.000000 
2.022352 -0.935973 0.000000 
1.937867 -0.912198 0.000000 
1.874743 -0.897864 0.000000 
1.794551 -0.881522 0.000000 
1.694932 -0.862886 0.000000 
2.260496 -1.768617 0.033333 
2.286500 -1.746365 0.033333 
2.305198 -1.723882 0.033333 
2.317605 -1.701319 0.033333 
2.327621 -1.656564 0.033333 
2.324687 -1.613313 0.033333 
2.316945 -1.572781 0.033333 
2.309025 -1.518554 0.033333 
2.305509 -1.470185 0.033333 
2.303308 -1.424681 0.033333 
2.299873 -1.379578 0.033333 
2.294821 -1.334514 0.033333 
2.288312 -1.289653 0.033333 
2.280297 -1.245189 0.033333 
2.269895 -1.201432 0.033333 
2.256018 -1.158725 0.033333 
2.238043 -1.117559 0.033333 
2.217207 -1.079040 0.033333 
2.195211 -1.044425 0.033333 
2.173160 -1.014483 0.033333 
2.149762 -0.988039 0.033333 
2.123130 -0.963426 0.033333 
2.099342 -0.946934 0.033333 
2.052901 -0.928356 0.033333 
1.963428 -0.905527 0.033333 
1.896187 -0.891844 0.033333 
1.810546 -0.876287 0.033333 
1.703960 -0.858586 0.033333 
2.255982 -1.770767 0.033333 
2.281860 -1.748475 0.033333 
2.300430 -1.725955 0.033333 
2.312709 -1.703358 0.033333 
2.322467 -1.658539 0.033333 
2.319275 -1.615233 0.033333 
2.311275 -1.574653 0.033333 
2.302973 -1.520369 0.033333 
2.299069 -1.471960 0.033333 
2.296461 -1.426437 0.033333 
2.292592 -1.381335 0.033333 
2.287085 -1.336295 0.033333 
2.280110 -1.291486 0.033333 
2.271628 -1.247102 0.033333 
2.260770 -1.203456 0.033333 
2.246456 -1.160889 0.033333 
2.228076 -1.119890 0.033333 
2.206887 -1.081546 0.033333 
2.184611 -1.047093 0.033333 
2.162369 -1.017278 0.033333 
2.138866 -0.990895 0.033333 
2.112207 -0.966248 0.033333 
2.088525 -0.949661 0.033333 
2.042718 -0.930895 0.033333 
1.954907 -0.907751 0.033333 
1.889039 -0.893851 0.033333 
1.805215 -0.878032 0.033333 
1.700950 -0.860020 0.033333 
2.251467 -1.772917 0.033333 
2.277219 -1.750586 0.033333 
2.295661 -1.728029 0.033333 
2.307813 -1.705397 0.033333 
2.317313 -1.660514 0.033333 
2.313863 -1.617152 0.033333 
2.305606 -1.576525 0.033333 
2.296922 -1.522184 0.033333 
2.292629 -1.473736 0.033333 
2.289614 -1.428193 0.033333 
2.285310 -1.383092 0.033333 
2.279348 -1.338077 0.033333 
2.271907 -1.293318 0.033333 
2.262959 -1.249015 0.033333 
2.251644 -1.205479 0.033333 
2.236894 -1.163052 0.033333 
2.218110 -1.122220 0.033333 
2.196568 -1.084051 0.033333 
2.174012 -1.049761 0.033333 
2.151578 -1.020073 0.033333 
2.127969 -0.993752 0.033333 
2.101283 -0.969071 0.033333 
2.077707 -0.952388 0.033333 
2.032535 -0.933434 0.033333 
1.946387 -0.909975 0.033333 
1.881891 -0.895858 0.033333 
1.799883 -0.879777 0.033333 
1.697941 -0.861453 0.033333 
2.246953 -1.775067 0.033333 
2.272578 -1.752697 0.033333 
2.290893 -1.730103 0.033333 
2.302916 -1.707435 0.033333 
2.312159 -1.662489 0.033333 
2.308451 -1.619072 0.033333 
2.299937 -1.578397 0.033333 
2.290870 -1.523998 0.033333 
2.286189 -1.475512 0.033333 
2.282767 -1.429949 0.033333 
2.278029 -1.384849 0.033333 
2.271612 -1.339859 0.033333 
2.263705 -1.295151 0.033333 
2.254290 -1.250928 0.033333 
2.242519 -1.207503 0.033333 
2.227332 -1.165216 0.033333 
2.208144 -1.124550 0.033333 
2.186249 -1.086557 0.033333 
2.163412 -1.052429 0.033333 
2.140786 -1.022868 0.033333 
2.117073 -0.996608 0.033333 
2.090360 -0.971893 0.033333 
2.066889 -0.955115 0.033333 
2.022352 -0.935973 0.033333 
1.937867 -0.912198 0.033333 
1.874743 -0.897864 0.033333 
1.794551 -0.881522 0.033333 
1.694932 -0.862886 0.033333 
2.260496 -1.768617 0.066667 
2.286500 -1.746365 0.066667 
2.305198 -1.723882 0.066667 
2.317605 -1.701319 0.066667 
2.327621 -1.656564 0.066667 
2.324687 -1.613313 0.066667 
2.316945 -1.572781 0.066667 
2.309025 -1.518554 0.066667 
2.305509 -1.470185 0.066667 
2.303308 -1.424681 0.066667 
2.299873 -1.379578 0.066667 
2.294821 -1.334514 0.066667 
2.288312 -1.289653 0.066667 
2.280297 -1.245189 0.066667 
2.269895 -1.201432 0.066667 
2.256018 -1.158725 0.066667 
2.238043 -1.117559 0.066667 
2.217207 -1.079040 0.066667 
2.195211 -1.044425 0.066667 
2.173160 -1.014483 0.066667 
2.149762 -0.988039 0.066667 
2.123130 -0.963426 0.066667 
2.099342 -0.946934 0.066667 
2.052901 -0.928356 0.066667 
1.963428 -0.905527 0.066667 
1.896187 -0.891844 0.066667 
1.810546 -0.876287 0.066667 
1.703960 -0.858586 0.066667 
2.255982 -1.770767 0.066667 
2.281860 -1.748475 0.066667 
2.300430 -1.725955 0.066667 
2.312709 -1.703358 0.066667 
2.322467 -1.658539 0.066667 
2.319275 -1.615233 0.066667 
2.311275 -1.574653 0.066667 
2.302973 -1.520369 0.066667 
2.299069 -1.471960 0.066667 
2.296461 -1.426437 0.066667 
2.292592 -1.381335 0.066667 
2.287085 -1.336295 0.066667 
2.280110 -1.291486 0.066667 
2.271628 -1.247102 0.066667 
2.260770 -1.203456 0.066667 
2.246456 -1.160889 0.066667 
2.228076 -1.119890 0.066667 
2.206887 -1.081546 0.066667 
2.184611 -1.047093 0.066667 
2.162369 -1.017278 0.066667 
2.138866 -0.990895 0.066667 
2.112207 -0.966248 0.066667 
2.088525 -0.949661 0.066667 
2.042718 -0.930895 0.066667 
1.954907 -0.907751 0.066667 
1.889039 -0.893851 0.066667 
1.805215 -0.878032 0.066667 
1.700950 -0.860020 0.066667 
2.251467 -1.772917 0.066667 
2.277219 -1.750586 0.066667 
2.295661 -1.728029 0.066667 
2.307813 -1.705397 0.066667 
2.317313 -1.660514 0.066667 
2.313863 -1.617152 0.066667 
2.305606 -1.576525 0.066667 
2.296922 -1.522184 0.066667 
2.292629 -1.473736 0.066667 
2.289614 -1.428193 0.066667 
2.285310 -1.383092 0.066667 
2.279348 -1.338077 0.066667 
2.271907 -1.293318 0.066667 
2.262959 -1.249015 0.066667 
2.251644 -1.205479 0.066667 
2.236894 -1.163052 0.066667 
2.218110 -1.122220 0.066667 
2.196568 -1.084051 0.066667 
2.174012 -1.049761 0.066667 
2.151578 -1.020073 0.066667 
2.127969 -0.993752 0.066667 
2.101283 -0.969071 0.066667 
2.077707 -0.952388 0.066667 
2.032535 -0.933434 0.066667 
1.946387 -0.909975 0.066667 
1.881891 -0.895858 0.066667 
1.799883 -0.879777 0.066667 
1.697941 -0.861453 0.066667 
2.246953 -1.775067 0.066667 
2.272578 -1.752697 0.066667 
2.290893 -1.730103 0.066667 
2.302916 -1.707435 0.066667 
2.312159 -1.662489 0.066667 
2.308451 -1.619072 0.066667 
2.299937 -1.578397 0.066667 
2.290870 -1.523998 0.066667 
2.286189 -1.475512 0.066667 
2.282767 -1.429949 0.066667 
2.278029 -1.384849 0.066667 
2.271612 -1.339859 0.066667 
2.263705 -1.295151 0.066667 
2.254290 -1.250928 0.066667 
2.242519 -1.207503 0.066667 
2.227332 -1.165216 0.066667 
2.208144 -1.124550 0.066667 
2.186249 -1.086557 0.066667 
2.163412 -1.052429 0.066667 
2.140786 -1.022868 0.066667 
2.117073 -0.996608 0.066667 
2.090360 -0.971893 0.066667 
2.066889 -0.955115 0.066667 
2.022352 -0.935973 0.066667 
1.937867 -0.912198 0.066667 
1.874743 -0.897864 0.066667 
1.794551 -0.881522 0.066667 
1.694932 -0.862886 0.066667 
2.260496 -1.768617 0.100000 
2.286500 -1.746365 0.100000 
2.305198 -1.723882 0.100000 
2.317605 -1.701319 0.100000 
2.327621 -1.656564 0.100000 
2.324687 -1.613313 0.100000 
2.316945 -1.572781 0.100000 
2.309025 -1.518554 0.100000 
2.305509 -1.470185 0.100000 
2.303308 -1.424681 0.100000 
2.299873 -1.379578 0.100000 
2.294821 -1.334514 0.100000 
2.288312 -1.289653 0.100000 
2.280297 -1.245189 0.100000 
2.269895 -1.201432 0.100000 
2.256018 -1.158725 0.100000 
2.238043 -1.117559 0.100000 
2.217207 -1.079040 0.100000 
2.195211 -1.044425 0.100000 
2.173160 -1.014483 0.100000 
2.149762 -0.988039 0.100000 
2.123130 -0.963426 0.100000 
2.099342 -0.946934 0.100000 
2.052901 -0.928356 0.100000 
1.963428 -0.905527 0.100000 
1.896187 -0.891844 0.100000 
1.810546 -0.876287 0.100000 
1.703960 -0.858586 0.100000 
2.255982 -1.770767 0.100000 
2.281860 -1.748475 0.100000 
2.300430 -1.725955 0.100000 
2.312709 -1.703358 0.100000 
2.322467 -1.658539 0.100000 
2.319275 -1.615233 0.100000 
2.311275 -1.574653 0.100000 
2.302973 -1.520369 0.100000 
2.299069 -1.471960 0.100000 
2.296461 -1.426437 0.100000 
2.292592 -1.381335 0.100000 
2.287085 -1.336295 0.100000 
2.280110 -1.291486 0.100000 
2.271628 -1.247102 0.100000 
2.260770 -1.203456 0.100000 
2.246456 -1.160889 0.100000 
2.228076 -1.119890 0.100000 
2.206887 -1.081546 0.100000 
2.184611 -1.047093 0.100000 
2.162369 -1.017278 0.100000 
2.138866 -0.990895 0.100000 
2.112207 -0.966248 0.100000 
2.088525 -0.949661 0.100000 
2.042718 -0.930895 0.100000 
1.954907 -0.907751 0.100000 
1.889039 -0.893851 0.100000 
1.805215 -0.878032 0.100000 
1.700950 -0.860020 0.100000 
2.251467 -1.772917 0.100000 
2.277219 -1.750586 0.100000 
2.295661 -1.728029 0.100000 
2.307813 -1.705397 0.100000 
2.317313 -1.660514 0.100000 
2.313863 -1.617152 0.100000 
2.305606 -1.576525 0.100000 
2.296922 -1.522184 0.100000 
2.292629 -1.473736 0.100000 
2.289614 -1.428193 0.100000 
2.285310 -1.383092 0.100000 
2.279348 -1.338077 0.100000 
2.271907 -1.293318 0.100000 
2.262959 -1.249015 0.100000 
2.251644 -1.205479 0.100000 
2.236894 -1.163052 0.100000 
2.218110 -1.122220 0.100000 
2.196568 -1.084051 0.100000 
2.174012 -1.049761 0.100000 
2.151578 -1.020073 0.100000 
2.127969 -0.993752 0.100000 
2.101283 -0.969071 0.100000 
2.077707 -0.952388 0.100000 
2.032535 -0.933434 0.100000 
1.946387 -0.909975 0.100000 
1.881891 -0.895858 0.100000 
1.799883 -0.879777 0.100000 
1.697941 -0.861453 0.100000 
2.246953 -1.775067 0.100000 
2.272578 -1.752697 0.100000 
2.290893 -1.730103 0.100000 
2.302916 -1.707435 0.100000 
2.312159 -1.662489 0.100000 
2.308451 -1.619072 0.100000 
2.299937 -1.578397 0.100000 
2.290870 -1.523998 0.100000 
2.286189 -1.475512 0.100000 
2.282767 -1.429949 0.100000 
2.278029 -1.384849 0.100000 
2.271612 -1.339859 0.100000 
2.263705 -1.295151 0.100000 
2.254290 -1.250928 0.100000 
2.242519 -1.207503 0.100000 
2.227332 -1.165216 0.100000 
2.208144 -1.124550 0.100000 
2.186249 -1.086557 0.100000 
2.163412 -1.052429 0.100000 
2.140786 -1.022868 0.100000 
2.117073 -0.996608 0.100000 
2.090360 -0.971893 0.100000 
2.066889 -0.955115 0.100000 
2.022352 -0.935973 0.100000 
1.937867 -0.912198 0.100000 
1.874743 -0.897864 0.100000 
1.794551 -0.881522 0.100000 
1.694932 -0.862886 0.100000 
