Zone T="FFD_vol3" I=10 J=2 K=2
DATAPACKING=POINT
2.998414 -2.076754 0.000000 
3.020379 -1.993959 0.000000 
3.043167 -1.871686 0.000000 
3.053011 -1.746431 0.000000 
3.046913 -1.620967 0.000000 
3.022457 -1.497806 0.000000 
2.976174 -1.381392 0.000000 
2.895941 -1.285486 0.000000 
2.792845 -1.214192 0.000000 
2.630419 -1.146923 0.000000 
2.984453 -2.082239 0.000000 
3.005075 -1.999103 0.000000 
3.025222 -1.876379 0.000000 
3.031622 -1.750911 0.000000 
3.021624 -1.625702 0.000000 
2.993552 -1.503300 0.000000 
2.944608 -1.387963 0.000000 
2.863775 -1.292431 0.000000 
2.762073 -1.219129 0.000000 
2.621111 -1.150579 0.000000 
2.998414 -2.076754 0.100000 
3.020379 -1.993959 0.100000 
3.043167 -1.871686 0.100000 
3.053011 -1.746431 0.100000 
3.046913 -1.620967 0.100000 
3.022457 -1.497806 0.100000 
2.976174 -1.381392 0.100000 
2.895941 -1.285486 0.100000 
2.792845 -1.214192 0.100000 
2.630419 -1.146923 0.100000 
2.984453 -2.082239 0.100000 
3.005075 -1.999103 0.100000 
3.025222 -1.876379 0.100000 
3.031622 -1.750911 0.100000 
3.021624 -1.625702 0.100000 
2.993552 -1.503300 0.100000 
2.944608 -1.387963 0.100000 
2.863775 -1.292431 0.100000 
2.762073 -1.219129 0.100000 
2.621111 -1.150579 0.100000 
