Zone T="embedding_vol" I=28 J=4 K=4
DATAPACKING=POINT
2.998414 -2.076754 0.000000 
3.005353 -2.049941 0.000000 
3.011563 -2.024635 0.000000 
3.017097 -2.000735 0.000000 
3.026352 -1.956765 0.000000 
3.033547 -1.917242 0.000000 
3.039111 -1.881378 0.000000 
3.045148 -1.832805 0.000000 
3.048792 -1.788531 0.000000 
3.050354 -1.746396 0.000000 
3.050078 -1.704613 0.000000 
3.047941 -1.662901 0.000000 
3.043853 -1.621351 0.000000 
3.037720 -1.580069 0.000000 
3.029418 -1.539207 0.000000 
3.018819 -1.498930 0.000000 
3.005742 -1.459461 0.000000 
2.989790 -1.421251 0.000000 
2.970515 -1.384810 0.000000 
2.947294 -1.350368 0.000000 
2.918801 -1.317036 0.000000 
2.883539 -1.283647 0.000000 
2.854524 -1.260509 0.000000 
2.815350 -1.234865 0.000000 
2.759533 -1.204754 0.000000 
2.723357 -1.187411 0.000000 
2.680589 -1.168216 0.000000 
2.630419 -1.146923 0.000000 
2.993760 -2.078582 0.000000 
3.000550 -2.051733 0.000000 
3.006612 -2.026393 0.000000 
3.011999 -2.002462 0.000000 
3.020962 -1.958437 0.000000 
3.027872 -1.918869 0.000000 
3.033158 -1.882969 0.000000 
3.038791 -1.834354 0.000000 
3.042039 -1.790057 0.000000 
3.043199 -1.747916 0.000000 
3.042508 -1.706144 0.000000 
3.039948 -1.664460 0.000000 
3.035439 -1.622957 0.000000 
3.028895 -1.581740 0.000000 
3.020201 -1.540960 0.000000 
3.009237 -1.500779 0.000000 
2.995831 -1.461416 0.000000 
2.979600 -1.423311 0.000000 
2.960108 -1.386961 0.000000 
2.936744 -1.352581 0.000000 
2.908194 -1.319252 0.000000 
2.872967 -1.285774 0.000000 
2.844103 -1.262511 0.000000 
2.805571 -1.236694 0.000000 
2.751332 -1.206366 0.000000 
2.716436 -1.188900 0.000000 
2.675349 -1.169573 0.000000 
2.627316 -1.148142 0.000000 
2.989106 -2.080410 0.000000 
2.995748 -2.053525 0.000000 
3.001661 -2.028151 0.000000 
3.006900 -2.004189 0.000000 
3.015573 -1.960109 0.000000 
3.022197 -1.920496 0.000000 
3.027205 -1.884559 0.000000 
3.032434 -1.835904 0.000000 
3.035285 -1.791583 0.000000 
3.036044 -1.749435 0.000000 
3.034938 -1.707674 0.000000 
3.031955 -1.666019 0.000000 
3.027025 -1.624563 0.000000 
3.020070 -1.583412 0.000000 
3.010984 -1.542714 0.000000 
2.999655 -1.502628 0.000000 
2.985920 -1.463371 0.000000 
2.969409 -1.425371 0.000000 
2.949700 -1.389112 0.000000 
2.926195 -1.354795 0.000000 
2.897587 -1.321469 0.000000 
2.862394 -1.287900 0.000000 
2.833682 -1.264514 0.000000 
2.795792 -1.238522 0.000000 
2.743131 -1.207977 0.000000 
2.709515 -1.190388 0.000000 
2.670109 -1.170931 0.000000 
2.624214 -1.149360 0.000000 
2.984453 -2.082239 0.000000 
2.990945 -2.055317 0.000000 
2.996710 -2.029909 0.000000 
3.001802 -2.005916 0.000000 
3.010184 -1.961782 0.000000 
3.016522 -1.922123 0.000000 
3.021252 -1.886149 0.000000 
3.026078 -1.837453 0.000000 
3.028532 -1.793109 0.000000 
3.028889 -1.750954 0.000000 
3.027368 -1.709205 0.000000 
3.023963 -1.667579 0.000000 
3.018612 -1.626170 0.000000 
3.011245 -1.585083 0.000000 
3.001767 -1.544467 0.000000 
2.990073 -1.504478 0.000000 
2.976010 -1.465326 0.000000 
2.959219 -1.427430 0.000000 
2.939293 -1.391264 0.000000 
2.915646 -1.357008 0.000000 
2.886981 -1.323685 0.000000 
2.851822 -1.290027 0.000000 
2.823261 -1.266516 0.000000 
2.786013 -1.240351 0.000000 
2.734931 -1.209589 0.000000 
2.702594 -1.191877 0.000000 
2.664868 -1.172288 0.000000 
2.621111 -1.150579 0.000000 
2.998414 -2.076754 0.033333 
3.005353 -2.049941 0.033333 
3.011563 -2.024635 0.033333 
3.017097 -2.000735 0.033333 
3.026352 -1.956765 0.033333 
3.033547 -1.917242 0.033333 
3.039111 -1.881378 0.033333 
3.045148 -1.832805 0.033333 
3.048792 -1.788531 0.033333 
3.050354 -1.746396 0.033333 
3.050078 -1.704613 0.033333 
3.047941 -1.662901 0.033333 
3.043853 -1.621351 0.033333 
3.037720 -1.580069 0.033333 
3.029418 -1.539207 0.033333 
3.018819 -1.498930 0.033333 
3.005742 -1.459461 0.033333 
2.989790 -1.421251 0.033333 
2.970515 -1.384810 0.033333 
2.947294 -1.350368 0.033333 
2.918801 -1.317036 0.033333 
2.883539 -1.283647 0.033333 
2.854524 -1.260509 0.033333 
2.815350 -1.234865 0.033333 
2.759533 -1.204754 0.033333 
2.723357 -1.187411 0.033333 
2.680589 -1.168216 0.033333 
2.630419 -1.146923 0.033333 
2.993760 -2.078582 0.033333 
3.000550 -2.051733 0.033333 
3.006612 -2.026393 0.033333 
3.011999 -2.002462 0.033333 
3.020962 -1.958437 0.033333 
3.027872 -1.918869 0.033333 
3.033158 -1.882969 0.033333 
3.038791 -1.834354 0.033333 
3.042039 -1.790057 0.033333 
3.043199 -1.747916 0.033333 
3.042508 -1.706144 0.033333 
3.039948 -1.664460 0.033333 
3.035439 -1.622957 0.033333 
3.028895 -1.581740 0.033333 
3.020201 -1.540960 0.033333 
3.009237 -1.500779 0.033333 
2.995831 -1.461416 0.033333 
2.979600 -1.423311 0.033333 
2.960108 -1.386961 0.033333 
2.936744 -1.352581 0.033333 
2.908194 -1.319252 0.033333 
2.872967 -1.285774 0.033333 
2.844103 -1.262511 0.033333 
2.805571 -1.236694 0.033333 
2.751332 -1.206366 0.033333 
2.716436 -1.188900 0.033333 
2.675349 -1.169573 0.033333 
2.627316 -1.148142 0.033333 
2.989106 -2.080410 0.033333 
2.995748 -2.053525 0.033333 
3.001661 -2.028151 0.033333 
3.006900 -2.004189 0.033333 
3.015573 -1.960109 0.033333 
3.022197 -1.920496 0.033333 
3.027205 -1.884559 0.033333 
3.032434 -1.835904 0.033333 
3.035285 -1.791583 0.033333 
3.036044 -1.749435 0.033333 
3.034938 -1.707674 0.033333 
3.031955 -1.666019 0.033333 
3.027025 -1.624563 0.033333 
3.020070 -1.583412 0.033333 
3.010984 -1.542714 0.033333 
2.999655 -1.502628 0.033333 
2.985920 -1.463371 0.033333 
2.969409 -1.425371 0.033333 
2.949700 -1.389112 0.033333 
2.926195 -1.354795 0.033333 
2.897587 -1.321469 0.033333 
2.862394 -1.287900 0.033333 
2.833682 -1.264514 0.033333 
2.795792 -1.238522 0.033333 
2.743131 -1.207977 0.033333 
2.709515 -1.190388 0.033333 
2.670109 -1.170931 0.033333 
2.624214 -1.149360 0.033333 
2.984453 -2.082239 0.033333 
2.990945 -2.055317 0.033333 
2.996710 -2.029909 0.033333 
3.001802 -2.005916 0.033333 
3.010184 -1.961782 0.033333 
3.016522 -1.922123 0.033333 
3.021252 -1.886149 0.033333 
3.026078 -1.837453 0.033333 
3.028532 -1.793109 0.033333 
3.028889 -1.750954 0.033333 
3.027368 -1.709205 0.033333 
3.023963 -1.667579 0.033333 
3.018612 -1.626170 0.033333 
3.011245 -1.585083 0.033333 
3.001767 -1.544467 0.033333 
2.990073 -1.504478 0.033333 
2.976010 -1.465326 0.033333 
2.959219 -1.427430 0.033333 
2.939293 -1.391264 0.033333 
2.915646 -1.357008 0.033333 
2.886981 -1.323685 0.033333 
2.851822 -1.290027 0.033333 
2.823261 -1.266516 0.033333 
2.786013 -1.240351 0.033333 
2.734931 -1.209589 0.033333 
2.702594 -1.191877 0.033333 
2.664868 -1.172288 0.033333 
2.621111 -1.150579 0.033333 
2.998414 -2.076754 0.066667 
3.005353 -2.049941 0.066667 
3.011563 -2.024635 0.066667 
3.017097 -2.000735 0.066667 
3.026352 -1.956765 0.066667 
3.033547 -1.917242 0.066667 
3.039111 -1.881378 0.066667 
3.045148 -1.832805 0.066667 
3.048792 -1.788531 0.066667 
3.050354 -1.746396 0.066667 
3.050078 -1.704613 0.066667 
3.047941 -1.662901 0.066667 
3.043853 -1.621351 0.066667 
3.037720 -1.580069 0.066667 
3.029418 -1.539207 0.066667 
3.018819 -1.498930 0.066667 
3.005742 -1.459461 0.066667 
2.989790 -1.421251 0.066667 
2.970515 -1.384810 0.066667 
2.947294 -1.350368 0.066667 
2.918801 -1.317036 0.066667 
2.883539 -1.283647 0.066667 
2.854524 -1.260509 0.066667 
2.815350 -1.234865 0.066667 
2.759533 -1.204754 0.066667 
2.723357 -1.187411 0.066667 
2.680589 -1.168216 0.066667 
2.630419 -1.146923 0.066667 
2.993760 -2.078582 0.066667 
3.000550 -2.051733 0.066667 
3.006612 -2.026393 0.066667 
3.011999 -2.002462 0.066667 
3.020962 -1.958437 0.066667 
3.027872 -1.918869 0.066667 
3.033158 -1.882969 0.066667 
3.038791 -1.834354 0.066667 
3.042039 -1.790057 0.066667 
3.043199 -1.747916 0.066667 
3.042508 -1.706144 0.066667 
3.039948 -1.664460 0.066667 
3.035439 -1.622957 0.066667 
3.028895 -1.581740 0.066667 
3.020201 -1.540960 0.066667 
3.009237 -1.500779 0.066667 
2.995831 -1.461416 0.066667 
2.979600 -1.423311 0.066667 
2.960108 -1.386961 0.066667 
2.936744 -1.352581 0.066667 
2.908194 -1.319252 0.066667 
2.872967 -1.285774 0.066667 
2.844103 -1.262511 0.066667 
2.805571 -1.236694 0.066667 
2.751332 -1.206366 0.066667 
2.716436 -1.188900 0.066667 
2.675349 -1.169573 0.066667 
2.627316 -1.148142 0.066667 
2.989106 -2.080410 0.066667 
2.995748 -2.053525 0.066667 
3.001661 -2.028151 0.066667 
3.006900 -2.004189 0.066667 
3.015573 -1.960109 0.066667 
3.022197 -1.920496 0.066667 
3.027205 -1.884559 0.066667 
3.032434 -1.835904 0.066667 
3.035285 -1.791583 0.066667 
3.036044 -1.749435 0.066667 
3.034938 -1.707674 0.066667 
3.031955 -1.666019 0.066667 
3.027025 -1.624563 0.066667 
3.020070 -1.583412 0.066667 
3.010984 -1.542714 0.066667 
2.999655 -1.502628 0.066667 
2.985920 -1.463371 0.066667 
2.969409 -1.425371 0.066667 
2.949700 -1.389112 0.066667 
2.926195 -1.354795 0.066667 
2.897587 -1.321469 0.066667 
2.862394 -1.287900 0.066667 
2.833682 -1.264514 0.066667 
2.795792 -1.238522 0.066667 
2.743131 -1.207977 0.066667 
2.709515 -1.190388 0.066667 
2.670109 -1.170931 0.066667 
2.624214 -1.149360 0.066667 
2.984453 -2.082239 0.066667 
2.990945 -2.055317 0.066667 
2.996710 -2.029909 0.066667 
3.001802 -2.005916 0.066667 
3.010184 -1.961782 0.066667 
3.016522 -1.922123 0.066667 
3.021252 -1.886149 0.066667 
3.026078 -1.837453 0.066667 
3.028532 -1.793109 0.066667 
3.028889 -1.750954 0.066667 
3.027368 -1.709205 0.066667 
3.023963 -1.667579 0.066667 
3.018612 -1.626170 0.066667 
3.011245 -1.585083 0.066667 
3.001767 -1.544467 0.066667 
2.990073 -1.504478 0.066667 
2.976010 -1.465326 0.066667 
2.959219 -1.427430 0.066667 
2.939293 -1.391264 0.066667 
2.915646 -1.357008 0.066667 
2.886981 -1.323685 0.066667 
2.851822 -1.290027 0.066667 
2.823261 -1.266516 0.066667 
2.786013 -1.240351 0.066667 
2.734931 -1.209589 0.066667 
2.702594 -1.191877 0.066667 
2.664868 -1.172288 0.066667 
2.621111 -1.150579 0.066667 
2.998414 -2.076754 0.100000 
3.005353 -2.049941 0.100000 
3.011563 -2.024635 0.100000 
3.017097 -2.000735 0.100000 
3.026352 -1.956765 0.100000 
3.033547 -1.917242 0.100000 
3.039111 -1.881378 0.100000 
3.045148 -1.832805 0.100000 
3.048792 -1.788531 0.100000 
3.050354 -1.746396 0.100000 
3.050078 -1.704613 0.100000 
3.047941 -1.662901 0.100000 
3.043853 -1.621351 0.100000 
3.037720 -1.580069 0.100000 
3.029418 -1.539207 0.100000 
3.018819 -1.498930 0.100000 
3.005742 -1.459461 0.100000 
2.989790 -1.421251 0.100000 
2.970515 -1.384810 0.100000 
2.947294 -1.350368 0.100000 
2.918801 -1.317036 0.100000 
2.883539 -1.283647 0.100000 
2.854524 -1.260509 0.100000 
2.815350 -1.234865 0.100000 
2.759533 -1.204754 0.100000 
2.723357 -1.187411 0.100000 
2.680589 -1.168216 0.100000 
2.630419 -1.146923 0.100000 
2.993760 -2.078582 0.100000 
3.000550 -2.051733 0.100000 
3.006612 -2.026393 0.100000 
3.011999 -2.002462 0.100000 
3.020962 -1.958437 0.100000 
3.027872 -1.918869 0.100000 
3.033158 -1.882969 0.100000 
3.038791 -1.834354 0.100000 
3.042039 -1.790057 0.100000 
3.043199 -1.747916 0.100000 
3.042508 -1.706144 0.100000 
3.039948 -1.664460 0.100000 
3.035439 -1.622957 0.100000 
3.028895 -1.581740 0.100000 
3.020201 -1.540960 0.100000 
3.009237 -1.500779 0.100000 
2.995831 -1.461416 0.100000 
2.979600 -1.423311 0.100000 
2.960108 -1.386961 0.100000 
2.936744 -1.352581 0.100000 
2.908194 -1.319252 0.100000 
2.872967 -1.285774 0.100000 
2.844103 -1.262511 0.100000 
2.805571 -1.236694 0.100000 
2.751332 -1.206366 0.100000 
2.716436 -1.188900 0.100000 
2.675349 -1.169573 0.100000 
2.627316 -1.148142 0.100000 
2.989106 -2.080410 0.100000 
2.995748 -2.053525 0.100000 
3.001661 -2.028151 0.100000 
3.006900 -2.004189 0.100000 
3.015573 -1.960109 0.100000 
3.022197 -1.920496 0.100000 
3.027205 -1.884559 0.100000 
3.032434 -1.835904 0.100000 
3.035285 -1.791583 0.100000 
3.036044 -1.749435 0.100000 
3.034938 -1.707674 0.100000 
3.031955 -1.666019 0.100000 
3.027025 -1.624563 0.100000 
3.020070 -1.583412 0.100000 
3.010984 -1.542714 0.100000 
2.999655 -1.502628 0.100000 
2.985920 -1.463371 0.100000 
2.969409 -1.425371 0.100000 
2.949700 -1.389112 0.100000 
2.926195 -1.354795 0.100000 
2.897587 -1.321469 0.100000 
2.862394 -1.287900 0.100000 
2.833682 -1.264514 0.100000 
2.795792 -1.238522 0.100000 
2.743131 -1.207977 0.100000 
2.709515 -1.190388 0.100000 
2.670109 -1.170931 0.100000 
2.624214 -1.149360 0.100000 
2.984453 -2.082239 0.100000 
2.990945 -2.055317 0.100000 
2.996710 -2.029909 0.100000 
3.001802 -2.005916 0.100000 
3.010184 -1.961782 0.100000 
3.016522 -1.922123 0.100000 
3.021252 -1.886149 0.100000 
3.026078 -1.837453 0.100000 
3.028532 -1.793109 0.100000 
3.028889 -1.750954 0.100000 
3.027368 -1.709205 0.100000 
3.023963 -1.667579 0.100000 
3.018612 -1.626170 0.100000 
3.011245 -1.585083 0.100000 
3.001767 -1.544467 0.100000 
2.990073 -1.504478 0.100000 
2.976010 -1.465326 0.100000 
2.959219 -1.427430 0.100000 
2.939293 -1.391264 0.100000 
2.915646 -1.357008 0.100000 
2.886981 -1.323685 0.100000 
2.851822 -1.290027 0.100000 
2.823261 -1.266516 0.100000 
2.786013 -1.240351 0.100000 
2.734931 -1.209589 0.100000 
2.702594 -1.191877 0.100000 
2.664868 -1.172288 0.100000 
2.621111 -1.150579 0.100000 
