    1.000000      0.7509113E-02
   0.9149855      0.4559776E-01
   0.7917668      0.9101331E-01
   0.6640830      0.1256631    
   0.5336754      0.1477749    
   0.4017687      0.1562516    
   0.2709358      0.1426295    
   0.1460238      0.1012308    
   0.3577719E-01  0.3841538E-01
   0.3307384E-01  0.8257370E-02
   0.1432280      0.6547049E-01
   0.2675530      0.1086889    
   0.3981044      0.1251246    
   0.5302101      0.1199904    
   0.6612336      0.1017875    
   0.7898875      0.7098274E-01
   0.9142248      0.2881149E-01
    1.000000     -0.7491729E-02
