    1.000000      0.2514119E-02
   0.9981539      0.3385804E-02
   0.9948042      0.4960697E-02
   0.9905022      0.6970633E-02
   0.9854501      0.9312673E-02
   0.9797679      0.1192112E-01
   0.9735383      0.1475392E-01
   0.9668235      0.1777379E-01
   0.9596725      0.2095144E-01
   0.9521259      0.2426203E-01
   0.9442177      0.2768393E-01
   0.9359774      0.3119804E-01
   0.9274308      0.3478721E-01
   0.9186009      0.3843593E-01
   0.9095082      0.4213006E-01
   0.9001716      0.4585661E-01
   0.8906081      0.4960362E-01
   0.8808336      0.5335998E-01
   0.8708625      0.5711543E-01
   0.8607086      0.6086041E-01
   0.8503845      0.6458599E-01
   0.8399023      0.6828388E-01
   0.8292732      0.7194633E-01
   0.8185078      0.7556720E-01
   0.8076164      0.7913679E-01
   0.7966085      0.8265063E-01
   0.7854934      0.8610419E-01
   0.7742799      0.8949025E-01
   0.7629763      0.9280421E-01
   0.7515908      0.9604139E-01
   0.7401311      0.9919744E-01
   0.7286048      0.1022683    
   0.7170191      0.1052504    
   0.7053809      0.1081403    
   0.6936971      0.1109349    
   0.6819741      0.1136314    
   0.6702183      0.1162273    
   0.6584359      0.1187204    
   0.6466328      0.1211087    
   0.6348150      0.1233905    
   0.6229879      0.1255642    
   0.6111573      0.1276287    
   0.5993284      0.1295828    
   0.5875066      0.1314258    
   0.5756969      0.1331570    
   0.5639045      0.1347762    
   0.5521341      0.1362830    
   0.5403906      0.1376776    
   0.5286787      0.1389600    
   0.5170030      0.1401308    
   0.5053680      0.1411904    
   0.4937782      0.1421395    
   0.4822379      0.1429792    
   0.4707514      0.1437104    
   0.4593228      0.1443344    
   0.4479563      0.1448525    
   0.4366559      0.1452663    
   0.4254256      0.1455774    
   0.4142693      0.1457877    
   0.4031909      0.1458990    
   0.3921942      0.1458837    
   0.3812828      0.1456620    
   0.3704605      0.1452342    
   0.3597310      0.1446057    
   0.3490976      0.1437819    
   0.3385641      0.1427689    
   0.3281339      0.1415726    
   0.3178103      0.1401993    
   0.3075968      0.1386554    
   0.2974967      0.1369476    
   0.2875133      0.1350825    
   0.2776499      0.1330671    
   0.2679096      0.1309085    
   0.2582957      0.1286139    
   0.2488112      0.1261904    
   0.2394593      0.1236456    
   0.2302431      0.1209869    
   0.2211656      0.1182219    
   0.2122297      0.1153581    
   0.2034384      0.1124032    
   0.1947947      0.1093649    
   0.1863015      0.1062509    
   0.1779616      0.1030690    
   0.1697779      0.9982675E-01
   0.1617531      0.9653195E-01
   0.1538902      0.9319222E-01
   0.1461917      0.8981518E-01
   0.1386605      0.8640839E-01
   0.1312993      0.8297935E-01
   0.1241107      0.7953548E-01
   0.1170974      0.7608410E-01
   0.1102621      0.7263248E-01
   0.1036073      0.6918776E-01
   0.9713554E-01  0.6575698E-01
   0.9084950E-01  0.6234708E-01
   0.8475168E-01  0.5896488E-01
   0.7884459E-01  0.5561708E-01
   0.7313073E-01  0.5231028E-01
   0.6761257E-01  0.4905095E-01
   0.6229257E-01  0.4584543E-01
   0.5717316E-01  0.4269998E-01
   0.5225677E-01  0.3962071E-01
   0.4754579E-01  0.3661365E-01
   0.4304259E-01  0.3368469E-01
   0.3874953E-01  0.3083965E-01
   0.3466897E-01  0.2808421E-01
   0.3080322E-01  0.2542400E-01
   0.2715459E-01  0.2286451E-01
   0.2372538E-01  0.2041117E-01
   0.2051785E-01  0.1806930E-01
   0.1753427E-01  0.1584413E-01
   0.1477687E-01  0.1374080E-01
   0.1224789E-01  0.1176435E-01
   0.9949530E-02  0.9919720E-02
   0.7883993E-02  0.8211740E-02
   0.6053457E-02  0.6645115E-02
   0.4460091E-02  0.5224424E-02
   0.3106045E-02  0.3954081E-02
   0.1993460E-02  0.2838374E-02
   0.1124458E-02  0.1881274E-02
   0.5011509E-03  0.1086770E-02
   0.1256368E-03  0.4584092E-03
  -0.9475793E-09 -0.2632163E-04
   0.1256237E-03 -0.2816856E-03
   0.5011249E-03 -0.3815507E-03
   0.1124419E-02 -0.3034319E-03
   0.1993409E-02 -0.4003531E-04
   0.3105983E-02  0.3989960E-03
   0.4460018E-02  0.1016540E-02
   0.6053374E-02  0.1808462E-02
   0.7883900E-02  0.2772961E-02
   0.9949428E-02  0.3906807E-02
   0.1224778E-01  0.5206702E-02
   0.1477675E-01  0.6668827E-02
   0.1753414E-01  0.8289002E-02
   0.2051772E-01  0.1006265E-01
   0.2372524E-01  0.1198482E-01
   0.2715446E-01  0.1405020E-01
   0.3080308E-01  0.1625315E-01
   0.3466883E-01  0.1858769E-01
   0.3874939E-01  0.2104753E-01
   0.4304244E-01  0.2362612E-01
   0.4754564E-01  0.2631662E-01
   0.5225663E-01  0.2911196E-01
   0.5717302E-01  0.3200484E-01
   0.6229243E-01  0.3498778E-01
   0.6761243E-01  0.3805311E-01
   0.7313059E-01  0.4119300E-01
   0.7884446E-01  0.4439949E-01
   0.8475155E-01  0.4766450E-01
   0.9084938E-01  0.5097986E-01
   0.9713542E-01  0.5433733E-01
   0.1036071      0.5772858E-01
   0.1102620      0.6114526E-01
   0.1170973      0.6457898E-01
   0.1241106      0.6802134E-01
   0.1312992      0.7146391E-01
   0.1386604      0.7489831E-01
   0.1461916      0.7831614E-01
   0.1538901      0.8170906E-01
   0.1617531      0.8506873E-01
   0.1697778      0.8838690E-01
   0.1779615      0.9165534E-01
   0.1863014      0.9486589E-01
   0.1947947      0.9801046E-01
   0.2034384      0.1010810    
   0.2122296      0.1040697    
   0.2211655      0.1069686    
   0.2302431      0.1097699    
   0.2394593      0.1124661    
   0.2488112      0.1150495    
   0.2582956      0.1175128    
   0.2679096      0.1198486    
   0.2776498      0.1220497    
   0.2875133      0.1241090    
   0.2974967      0.1260196    
   0.3075968      0.1277748    
   0.3178103      0.1293680    
   0.3281338      0.1307925    
   0.3385641      0.1320422    
   0.3490976      0.1331110    
   0.3597310      0.1339929    
   0.3704605      0.1346822    
   0.3812828      0.1351734    
   0.3921942      0.1354612    
   0.4031909      0.1355454    
   0.4142693      0.1355058    
   0.4254256      0.1353702    
   0.4366559      0.1351366    
   0.4479563      0.1348033    
   0.4593228      0.1343684    
   0.4707514      0.1338306    
   0.4822379      0.1331883    
   0.4937782      0.1324403    
   0.5053680      0.1315854    
   0.5170030      0.1306227    
   0.5286787      0.1295512    
   0.5403906      0.1283704    
   0.5521341      0.1270797    
   0.5639045      0.1256787    
   0.5756969      0.1241674    
   0.5875066      0.1225457    
   0.5993284      0.1208138    
   0.6111573      0.1189723    
   0.6229879      0.1170217    
   0.6348149      0.1149629    
   0.6466328      0.1127969    
   0.6584359      0.1105250    
   0.6702183      0.1081489    
   0.6819741      0.1056703    
   0.6936971      0.1030912    
   0.7053809      0.1004140    
   0.7170191      0.9764134E-01
   0.7286048      0.9477600E-01
   0.7401311      0.9182121E-01
   0.7515908      0.8878048E-01
   0.7629763      0.8565764E-01
   0.7742799      0.8245685E-01
   0.7854934      0.7918263E-01
   0.7966085      0.7584041E-01
   0.8076164      0.7243351E-01
   0.8185078      0.6896913E-01
   0.8292732      0.6545535E-01
   0.8399023      0.6189555E-01
   0.8503845      0.5829799E-01
   0.8607086      0.5467027E-01
   0.8708625      0.5102057E-01
   0.8808336      0.4735764E-01
   0.8906081      0.4369092E-01
   0.9001716      0.4003056E-01
   0.9095082      0.3638752E-01
   0.9186009      0.3277362E-01
   0.9274308      0.2920175E-01
   0.9359774      0.2568591E-01
   0.9442177      0.2224148E-01
   0.9521259      0.1888547E-01
   0.9596725      0.1563683E-01
   0.9668235      0.1251701E-01
   0.9735383      0.9550651E-02
   0.9797679      0.6766799E-02
   0.9854501      0.4199096E-02
   0.9905022      0.1896764E-02
   0.9948042     -0.7966668E-04
   0.9981539     -0.1628670E-02
    1.000000     -0.2486162E-02
