9.999999999999997780e-01 1.720645883551696851e-17
1.000228073122388484e+00 -1.341890502073307234e-04
1.000446015191503557e+00 -2.407056919240845364e-04
1.000653761510178263e+00 -3.197530553679519085e-04
1.000851247381244091e+00 -3.715342707566404940e-04
1.001038408107533861e+00 -3.962524683078837238e-04
1.001215178991879506e+00 -3.941107782393979257e-04
1.001381495337114069e+00 -3.653123307688476025e-04
1.001537292446068816e+00 -3.100602561139922334e-04
1.001682505621577679e+00 -2.285576844925135058e-04
1.001817070166471701e+00 -1.210077461221362990e-04
1.001940921383583705e+00 1.238642877944028095e-05
1.002053994575745843e+00 1.714217099945086308e-04
1.002156225045790716e+00 3.558949673052922260e-04
1.002247548096550700e+00 5.656030704941780122e-04
1.002327899030858172e+00 8.003428893433724937e-04
1.002397213151545285e+00 1.059911293635210734e-03
1.002455425761444197e+00 1.344105153152002534e-03
1.002502472163387948e+00 1.652721337675936699e-03
1.002538287660208249e+00 1.985556716989435137e-03
1.002562807554737700e+00 2.342408160874686653e-03
1.002575967149808900e+00 2.723072539114052004e-03
1.002577701748253558e+00 3.127346721489729971e-03
1.002567946652904718e+00 3.555027577784097576e-03
1.002546637166594312e+00 4.005911977779387859e-03
1.002513708592154718e+00 4.479796791257927534e-03
1.002469096232418533e+00 4.976478888001982168e-03
1.002412735390217913e+00 5.495755137793837709e-03
1.002344561368385234e+00 6.037422410415810466e-03
1.002264509469753317e+00 6.601277575650140415e-03
1.002172514997153874e+00 7.187117503279139528e-03
1.002068513253419502e+00 7.794739063085090285e-03
1.001952439541382356e+00 8.423939124850343685e-03
1.001824229163874813e+00 9.074514558357092003e-03
1.001683817423729694e+00 9.746262233387694915e-03
1.001531139623778932e+00 1.043897901972441061e-02
1.001366131066855347e+00 1.115246178714950250e-02
1.001188727055790650e+00 1.188650740544532763e-02
1.000998862893417218e+00 1.264091274439413555e-02
1.000796473882568094e+00 1.341547467377819658e-02
1.000581495326075210e+00 1.420999006337983310e-02
1.000353862526770721e+00 1.502425578298131024e-02
1.000113510787487447e+00 1.585806870236490876e-02
9.998603754110576558e-01 1.671122569131295449e-02
9.995943917003130563e-01 1.758352361960773338e-02
9.993154949580866919e-01 1.847475935703148109e-02
9.990236204872108283e-01 1.938472977336655467e-02
9.987187035905175092e-01 2.031323173839516202e-02
9.984006795708393334e-01 2.126006212189965675e-02
9.980694837310087886e-01 2.222501779366231611e-02
9.977250513738576965e-01 2.320789562346541046e-02
9.973673178022190999e-01 2.420849248109128993e-02
9.969962183189250426e-01 2.522660523632212770e-02
9.966116882268076793e-01 2.626203075894029473e-02
9.962136628286996087e-01 2.731456591872809953e-02
9.958020774274330966e-01 2.838400758546778813e-02
9.953768673258407418e-01 2.947015262894163434e-02
9.949379678267544769e-01 3.057279791893193627e-02
9.944853142330066786e-01 3.169174032522101281e-02
9.940188418474301679e-01 3.282677671759114124e-02
9.935384859728568774e-01 3.397770396582458496e-02
9.930441819121196279e-01 3.514431893970364901e-02
9.925358649680500189e-01 3.632641850901064534e-02
9.920134704434813155e-01 3.752379954352783042e-02
9.914769336412447842e-01 3.873625891303750235e-02
9.909261898641740229e-01 3.996359348732194533e-02
9.903611744151005203e-01 4.120560013616346440e-02
9.897818225968566530e-01 4.246207572934431601e-02
9.891880697122754640e-01 4.373281713664684683e-02
9.885798510641884418e-01 4.501762122785327169e-02
9.879571019554281852e-01 4.631628487274590256e-02
9.873197576888277371e-01 4.762860494110709997e-02
9.866677535672185861e-01 4.895437830271905794e-02
9.860010248934336641e-01 5.029340182736414394e-02
9.853195069703047926e-01 5.164547238482455199e-02
9.846231351006645705e-01 5.301038684488264263e-02
9.839118445873457075e-01 5.438794207732066538e-02
9.831855707331800254e-01 5.577793495192097384e-02
9.824442488410003449e-01 5.718016233846578283e-02
9.816878142136388208e-01 5.859442110673740434e-02
9.809162021539272747e-01 6.002050812651815032e-02
9.801293479646989715e-01 6.145822026759025641e-02
9.793271869487857328e-01 6.290735439973606236e-02
9.785096544090203796e-01 6.436770739273785236e-02
9.776766856482345114e-01 6.583907611637788981e-02
9.768282159692607269e-01 6.732125744043851445e-02
9.759641806749321802e-01 6.881404823470195498e-02
9.750845150680800266e-01 7.031724536895046784e-02
9.741891544515376422e-01 7.183064571296647605e-02
9.732780341281365155e-01 7.335404613653215278e-02
9.723510894007096894e-01 7.488724350942983776e-02
9.714082555720894296e-01 7.643003470144178746e-02
9.704494679451076689e-01 7.798221658235032772e-02
9.694746618225967838e-01 7.954358602193768724e-02
9.684837725073898174e-01 8.111393988998624738e-02
9.674767353023181471e-01 8.269307505627818133e-02
9.664534855102151489e-01 8.428078839059587046e-02
9.654139584339124225e-01 8.587687676272157122e-02
9.643580893762425665e-01 8.748113704243759559e-02
9.632858136400379578e-01 8.909336609952620001e-02
9.621970665281307511e-01 9.071336080376965483e-02
9.610917833433538782e-01 9.234091802495028589e-02
9.599698993885392717e-01 9.397583463285046068e-02
9.588313499665188644e-01 9.561790749725225524e-02
9.576760703801258101e-01 9.726693348793812033e-02
9.565039959321920415e-01 9.892270947469034015e-02
9.553150619255502685e-01 1.005850323272911712e-01
9.541092036630320905e-01 1.022536989155228698e-01
9.528863564474706616e-01 1.039285061091677898e-01
9.516464555816980253e-01 1.056092507780081319e-01
9.503894363685464475e-01 1.072957297918263192e-01
9.491152341108483048e-01 1.089877400204044694e-01
9.478237841114361961e-01 1.106850783335250055e-01
9.465150216731422761e-01 1.123875416009702116e-01
9.451888820987986994e-01 1.140949266925223304e-01
9.438453006912381760e-01 1.158070304779636045e-01
9.424842127532931935e-01 1.175236498270763735e-01
9.411055535877952405e-01 1.192445816096429495e-01
9.397092584975778040e-01 1.209696226954456583e-01
9.382952627854725947e-01 1.226985699542666591e-01
9.368635017543119892e-01 1.244312202558883473e-01
9.354139107069282533e-01 1.261673704700929655e-01
9.339464249461542078e-01 1.279068174666628255e-01
9.324609797748217854e-01 1.296493581153801422e-01
9.309575104957636960e-01 1.313947892860273803e-01
9.294359524118118721e-01 1.331429078483866713e-01
9.278962408257992456e-01 1.348935106722402577e-01
9.263383110405573051e-01 1.366463946273706043e-01
9.247620983589193155e-01 1.384013565835598980e-01
9.231675380837165434e-01 1.401581934105904093e-01
9.215545655177825868e-01 1.419167019782444639e-01
9.199231159639494892e-01 1.436766791563043599e-01
9.182731247250491835e-01 1.454379218145524233e-01
9.166045271039138242e-01 1.472002268227708410e-01
9.149172584033763433e-01 1.489633910507419112e-01
9.132112539262688955e-01 1.507272113682480708e-01
9.114864489754237464e-01 1.524914846450713957e-01
9.097427788536737170e-01 1.542560077509943228e-01
9.079801788638505178e-01 1.560205775557990948e-01
9.061985843087867476e-01 1.577849909292680652e-01
9.043979304913146722e-01 1.595490447411833657e-01
9.025781527142672234e-01 1.613125358613274607e-01
9.007391862804757787e-01 1.630752611594824542e-01
8.988809664927734921e-01 1.648370175054308107e-01
8.970034286539922963e-01 1.665976017689547173e-01
8.951065080669646790e-01 1.683568108198364999e-01
8.931901400345233499e-01 1.701144415278585120e-01
8.912542598595000198e-01 1.718702907628028576e-01
8.892988028447275095e-01 1.736241553944520011e-01
8.873237042930375296e-01 1.753758322925881019e-01
8.853288995072632339e-01 1.771251183269935969e-01
8.833143237902369993e-01 1.788718103674506732e-01
8.812799124447902033e-01 1.806157052837416288e-01
8.792256007737563328e-01 1.823565999456487063e-01
8.771513240799670985e-01 1.840942912229543704e-01
8.750570176662550992e-01 1.858285759854406693e-01
8.729426168354522675e-01 1.875592511028900955e-01
8.708080568903915353e-01 1.892861134450848082e-01
8.686532731339052793e-01 1.910089598818071888e-01
8.664782008688252102e-01 1.927275872828394243e-01
8.642827753979840377e-01 1.944417925179638962e-01
8.620669320242144718e-01 1.961513724569628192e-01
8.598306060503483339e-01 1.978561239696185470e-01
8.575737327792180009e-01 1.995558439257132943e-01
8.552962475136560716e-01 2.012503291950294149e-01
8.529980855564951447e-01 2.029393766473492067e-01
8.506791822105672640e-01 2.046227831524549123e-01
8.483394727787044731e-01 2.063003455801288855e-01
8.459788925637394819e-01 2.079718608001532854e-01
8.435973768685046670e-01 2.096371256823104656e-01
8.411948609958326273e-01 2.112959370963828631e-01
8.387712802485549624e-01 2.129480919121525262e-01
8.363265699295048261e-01 2.145933869994018361e-01
8.338606653415140402e-01 2.162316192279131188e-01
8.313735017874153144e-01 2.178625854674686724e-01
8.288650145700406924e-01 2.194860825878506838e-01
8.263351389922227730e-01 2.211019074588415900e-01
8.237838103567938219e-01 2.227098569502236058e-01
8.212109639665861049e-01 2.243097279317790016e-01
8.186165351244321098e-01 2.259013172732899921e-01
8.160004591331642132e-01 2.274844218445390975e-01
8.133626712956145699e-01 2.290588385153083661e-01
8.107031069146158897e-01 2.306243641553802071e-01
8.080217012930001053e-01 2.321807956345368906e-01
8.053183897335998154e-01 2.337279298225606872e-01
8.025931075392473968e-01 2.352655635892339225e-01
7.998457900127748932e-01 2.367934938043387560e-01
7.970763724570153475e-01 2.383115173376577078e-01
7.942847901748002482e-01 2.398194310589728817e-01
7.914709784689627492e-01 2.413170318380667145e-01
7.886348726423347832e-01 2.428041165447212824e-01
7.857764079977486160e-01 2.442804820487190498e-01
7.828955198380366243e-01 2.457459252198422039e-01
7.799921434660315178e-01 2.472002429278731261e-01
7.770662141845653403e-01 2.486432320425940590e-01
7.741176672964706906e-01 2.500746894337873560e-01
7.711464381045795013e-01 2.514944119712351212e-01
7.681524619117245933e-01 2.529021965247199022e-01
7.651356740207380103e-01 2.542978399640237197e-01
7.620960097344521289e-01 2.556811391589290383e-01
7.590334043556995480e-01 2.570518909792181006e-01
7.559477931873124223e-01 2.584098922946732046e-01
7.528391115321232396e-01 2.597549399750767041e-01
7.497072946929639325e-01 2.610868308902106749e-01
7.465522779726674329e-01 2.624053619098575818e-01
7.433739966740657845e-01 2.637103299037996673e-01
7.401723860999915861e-01 2.650015317418192851e-01
7.369473815532769922e-01 2.662787642936986776e-01
7.336989183367541578e-01 2.675418244292200320e-01
7.304269317532557926e-01 2.687905090181658130e-01
7.271313571056142733e-01 2.700246149303182075e-01
7.238121296966617546e-01 2.712439390354595137e-01
7.204691848292303913e-01 2.724482782033719741e-01
7.171024578061530041e-01 2.736374293038379979e-01
7.137118839302618589e-01 2.748111892066398276e-01
7.102974246876982978e-01 2.759693552411708328e-01
7.068593309610415876e-01 2.771117298167729004e-01
7.033980334628300302e-01 2.782381184994495160e-01
6.999139656083976924e-01 2.793483269026487692e-01
6.964075608130789741e-01 2.804421606398182498e-01
6.928792524922080531e-01 2.815194253244056033e-01
6.893294740611196625e-01 2.825799265698588081e-01
6.857586589351473139e-01 2.836234699896252875e-01
6.821672405296257402e-01 2.846498611971529646e-01
6.785556522598891194e-01 2.856589058058895403e-01
6.749243275412717402e-01 2.866504094292826044e-01
6.712736997891077806e-01 2.876241776807800243e-01
6.676042024187318624e-01 2.885800161738295566e-01
6.639162688454776085e-01 2.895177305218787356e-01
6.602103324846798627e-01 2.904371263383754287e-01
6.564868267516725808e-01 2.913380092367674479e-01
6.527461850617900518e-01 2.922201848305022165e-01
6.489888408303667866e-01 2.930834587330277685e-01
6.452152274727368519e-01 2.939276365577916938e-01
6.414257784042345367e-01 2.947525239182416379e-01
6.376209270401941298e-01 2.955579264278255791e-01
6.338011067959498090e-01 2.963436496999910519e-01
6.299667510868361964e-01 2.971094993481858126e-01
6.261182933281872476e-01 2.978552809858575623e-01
6.222561669353371405e-01 2.985808002264540573e-01
6.183808053236202751e-01 2.992858626834229430e-01
6.144926419083708291e-01 2.999702739702120313e-01
6.105921101049233135e-01 3.006338397002690788e-01
6.066796433286120172e-01 3.012763654870418417e-01
6.027556749947710069e-01 3.018976569439779101e-01
5.988206385187342384e-01 3.024975196845250958e-01
5.948749673158366669e-01 3.030757593221310997e-01
5.909190948014122480e-01 3.036321814702436228e-01
5.869534543907951596e-01 3.041665917423104215e-01
5.829784794993196906e-01 3.046787957517791967e-01
5.789946035423199078e-01 3.051685991120976493e-01
5.750022599351307662e-01 3.056358074367135358e-01
5.710018820930859995e-01 3.060802263390747235e-01
5.669939034315197857e-01 3.065016614326286915e-01
5.629787573657669686e-01 3.068999183308234180e-01
5.589568773111610600e-01 3.072748026471063820e-01
5.549286966830369039e-01 3.076261199949253955e-01
5.508946488967284560e-01 3.079536759877282148e-01
5.468551673675701164e-01 3.082572762389625964e-01
5.428106855108961737e-01 3.085367263620761857e-01
5.387616367420409169e-01 3.087918319705168502e-01
5.347084544763384129e-01 3.090223986777320686e-01
5.306515721291232834e-01 3.092282320971698195e-01
5.265914231157292624e-01 3.094091378422776373e-01
5.225284408514911938e-01 3.095649215265033338e-01
5.184630587517428113e-01 3.096953887632945546e-01
5.143957102318190699e-01 3.098003451660992780e-01
5.103268287070537035e-01 3.098795963483649829e-01
5.062568475927810008e-01 3.099329479235394258e-01
5.021862003043354727e-01 3.099602055050704186e-01
4.981153202570509086e-01 3.099611811361218106e-01
4.940446408662623190e-01 3.099358640248631724e-01
4.899745955473036596e-01 3.098844385220768660e-01
4.859056177155087752e-01 3.098070990143150238e-01
4.818381407862125654e-01 3.097040398881300560e-01
4.777725981747487083e-01 3.095754555300742061e-01
4.737094232964520479e-01 3.094215403266997177e-01
4.696490495666564291e-01 3.092424886645588900e-01
4.655919104006964182e-01 3.090384949302040773e-01
4.615384392139060821e-01 3.088097535101873570e-01
4.574890694216195985e-01 3.085564587910611944e-01
4.534442344391716451e-01 3.082788051593778889e-01
4.494043676818959554e-01 3.079769870016894617e-01
4.453699025651272625e-01 3.076511987045483787e-01
4.413412725041996332e-01 3.073016346545069943e-01
4.373189109144472453e-01 3.069284892381174412e-01
4.333032512112045542e-01 3.065319568419319629e-01
4.292947268098055713e-01 3.061122318525028585e-01
4.252937711255850295e-01 3.056695086563826491e-01
4.213008175738767735e-01 3.052039816401232453e-01
4.173162995700150923e-01 3.047158451902770571e-01
4.133406505293345523e-01 3.042052936933964391e-01
4.093743038671689982e-01 3.036725215360335794e-01
4.054176929988532185e-01 3.031177231047408327e-01
4.014712513397212246e-01 3.025410927860703869e-01
3.975354123051069721e-01 3.019428249665745412e-01
3.936106093103451942e-01 3.013231140328056501e-01
3.896972757707698465e-01 3.006821543713157907e-01
3.857958451017154955e-01 3.000201403686574286e-01
3.819067507185164301e-01 2.993372664113829185e-01
3.780304260365063285e-01 2.986337268860442817e-01
3.741673044710199791e-01 2.979097161791937620e-01
3.703178194373917265e-01 2.971654286773840470e-01
3.664824043509555263e-01 2.964010587671669361e-01
3.626614926270456674e-01 2.956168008350950061e-01
3.588555176809968272e-01 2.948128492677204449e-01
3.550649129281427951e-01 2.939893984515954406e-01
3.512901117838178044e-01 2.931466427732722924e-01
3.475315476633566991e-01 2.922847766193034658e-01
3.437896539820930464e-01 2.914039943762409823e-01
3.400648641553618012e-01 2.905044904306374742e-01
3.363576115984966974e-01 2.895864591690446854e-01
3.326683297268322459e-01 2.886500949780153591e-01
3.289974519557027355e-01 2.876955922441014057e-01
3.253454117004421220e-01 2.867231453538554020e-01
3.217126423763851384e-01 2.857329486938295360e-01
3.180995773988659625e-01 2.847251966505760512e-01
3.145066501832182171e-01 2.837000836106470802e-01
3.109342941447771347e-01 2.826578039605953108e-01
3.073829426988762270e-01 2.815985520869725423e-01
3.038530292608503935e-01 2.805225223763313513e-01
3.003449872460333681e-01 2.794299092152238151e-01
2.968592500697595504e-01 2.783209069902022881e-01
2.933962511473636181e-01 2.771957100878192914e-01
2.899564238941792493e-01 2.760545128946266802e-01
2.865402005010420639e-01 2.748975098186713928e-01
2.831478577554938370e-01 2.737248979958863959e-01
2.797793666547693237e-01 2.725368799299244249e-01
2.764346625017015113e-01 2.713336587510034037e-01
2.731136805991221106e-01 2.701154375893405346e-01
2.698163562498640533e-01 2.688824195751539081e-01
2.665426247567593832e-01 2.676348078386612817e-01
2.632924214226403659e-01 2.663728055100801351e-01
2.600656815503396557e-01 2.650966157196282813e-01
2.568623404426891854e-01 2.638064415975233667e-01
2.536823334025218313e-01 2.625024862739832598e-01
2.505255957326697480e-01 2.611849528792256070e-01
2.473920627359649516e-01 2.598540445434679991e-01
2.442816697152402350e-01 2.585099643969282490e-01
2.411943519733277530e-01 2.571529155698240587e-01
2.381300448130599656e-01 2.557831011923732412e-01
2.350886835372690553e-01 2.544007243947932206e-01
2.320702034487876209e-01 2.530059883073020321e-01
2.290745398504478725e-01 2.515990960601172111e-01
2.261016280450820481e-01 2.501802507834564593e-01
2.231514033355228022e-01 2.487496556075375898e-01
2.202238010246021505e-01 2.473075136625781656e-01
2.173187564151527751e-01 2.458540280787960830e-01
2.144362048100068863e-01 2.443894019864090439e-01
2.115760815119966942e-01 2.429138385156344726e-01
2.087383218239547977e-01 2.414275407966904041e-01
2.059228610487133515e-01 2.399307119597944016e-01
2.031296344891048988e-01 2.384235551351642501e-01
2.003585774479617887e-01 2.369062734530176240e-01
1.976096252281160370e-01 2.353790700435720862e-01
1.948827131324004369e-01 2.338421480370456162e-01
1.921777764636470320e-01 2.322957105636556940e-01
1.894947505246884489e-01 2.307399607536202990e-01
1.868335706183568978e-01 2.291751017371568833e-01
1.841941720474845612e-01 2.276013366444831210e-01
1.815764901149041211e-01 2.260188686058170748e-01
1.789804601234476766e-01 2.244279007513761137e-01
1.764060173759477712e-01 2.228286362113781061e-01
1.738530971752366983e-01 2.212212781160407538e-01
1.713216348241467235e-01 2.196060295955817032e-01
1.688115656255103625e-01 2.179830937802187951e-01
1.663228248821596866e-01 2.163526738001693983e-01
1.638553478969274335e-01 2.147149727856516865e-01
1.614090699726456191e-01 2.130701938668830842e-01
1.589839264121469253e-01 2.114185401740814596e-01
1.565798525182634515e-01 2.097602148374644315e-01
1.541967835938275744e-01 2.080954209872496463e-01
1.518346549416718372e-01 2.064243617536550557e-01
1.494934018646283391e-01 2.047472402668980007e-01
1.471729596655296235e-01 2.030642596571965164e-01
1.448732636472080115e-01 2.013756230547681658e-01
1.425942491124957134e-01 1.996815335898306509e-01
1.403358513642253835e-01 1.979821943926018957e-01
1.380980057052290655e-01 1.962778085932992411e-01
1.358806474383393026e-01 1.945685793221406945e-01
1.336837118663884438e-01 1.928547097093438745e-01
1.315071342922086717e-01 1.911364028851264552e-01
1.293508500186325294e-01 1.894138619797061662e-01
1.272147943484922550e-01 1.876872901233007651e-01
1.250989025846203639e-01 1.859568904461279815e-01
1.230031100298491220e-01 1.842228660784054339e-01
1.209273519870106839e-01 1.824854201503508244e-01
1.188715637589377733e-01 1.807447557921819936e-01
1.168356806484624338e-01 1.790010761341165046e-01
1.148196379584172505e-01 1.772545843063721982e-01
1.128233709916344890e-01 1.755054834391667762e-01
1.108468150509463873e-01 1.737539766627178017e-01
1.088899054391855165e-01 1.720002671072431710e-01
1.069525774591840450e-01 1.702445579029604472e-01
1.050347664137744608e-01 1.684870521800873877e-01
1.031364076057890711e-01 1.667279530688418610e-01
1.012574363380601555e-01 1.649674636994412635e-01
9.939778791342022968e-02 1.632057872021036304e-01
9.755739763470142045e-02 1.614431267070463027e-01
9.573620080473634053e-02 1.596796853444874265e-01
9.393413272635728339e-02 1.579156662446444537e-01
9.215112870239638987e-02 1.561512725377350863e-01
9.038712403568631426e-02 1.543867073539771928e-01
8.864205402905911413e-02 1.526221738235882808e-01
8.691585398534744378e-02 1.508578750767862187e-01
8.520845920738343016e-02 1.490940142437886251e-01
8.351980499799960267e-02 1.473307944548133130e-01
8.184982666002822704e-02 1.455684188400778734e-01
8.019845949630156901e-02 1.438070905298000912e-01
7.856563880965217184e-02 1.420470126541976408e-01
7.695129990291220412e-02 1.402883883434882517e-01
7.535537807891419526e-02 1.385314207278896537e-01
7.377780864049043874e-02 1.367763129376196596e-01
7.221852689047317253e-02 1.350232681028956661e-01
7.067746813169491216e-02 1.332724893539356803e-01
6.915456766698792335e-02 1.315241798209572655e-01
6.764976079918465224e-02 1.297785426341782344e-01
6.616298283111737843e-02 1.280357809238163169e-01
6.469416906561836766e-02 1.262960978200889650e-01
6.324325480552020484e-02 1.245596964532142276e-01
6.181017535365501692e-02 1.228267799534095983e-01
6.039486601285536105e-02 1.210975514508929179e-01
5.899726208595346827e-02 1.193722140758817774e-01
5.761729887578167369e-02 1.176509709585939895e-01
5.625491168517240959e-02 1.159340252292471729e-01
5.491003581695796942e-02 1.142215800180590851e-01
5.358260657397080629e-02 1.125138384552475529e-01
5.227255925904318590e-02 1.108110036710301394e-01
5.097982917500744338e-02 1.091132787956245187e-01
4.970435162469603874e-02 1.074208669592485316e-01
4.844606191094118913e-02 1.057339712921197411e-01
4.720489533657541009e-02 1.040527949244560851e-01
4.598078720443089101e-02 1.023775409864750296e-01
4.477367281734017518e-02 1.007084126083945264e-01
4.358348747813550056e-02 9.904561292043212450e-02
4.241016648964916758e-02 9.738934505280549825e-02
4.125364515471365706e-02 9.573981213573250215e-02
4.011385877616121393e-02 9.409721729943071322e-02
3.899074265682431206e-02 9.246176367411793051e-02
3.788423209953523108e-02 9.083365439001189756e-02
3.679426240712628526e-02 8.921309257733014975e-02
3.572076888242994852e-02 8.760028136629063877e-02
3.466368682827844494e-02 8.599542388711083063e-02
3.362295154750426923e-02 8.439872327000867702e-02
3.259849834293970794e-02 8.281038264520179659e-02
3.159026251741703373e-02 8.123060514290772471e-02
3.059817937376875518e-02 7.965959389334444085e-02
2.962218421482708947e-02 7.809755202672949426e-02
2.866221234342452434e-02 7.654468267328067010e-02
2.771819906239333595e-02 7.500118896321568418e-02
2.679007967456584552e-02 7.346727402675209961e-02
2.587778948277449920e-02 7.194314099410786811e-02
2.498126378985156965e-02 7.042899299550049730e-02
2.410043789862948566e-02 6.892503316114781398e-02
2.323524711194059275e-02 6.743146462126753393e-02
2.238562673261714972e-02 6.594849050607723417e-02
2.155151206349165127e-02 6.447631394579478314e-02
2.073283840739632497e-02 6.301513807063778561e-02
1.992954106716363083e-02 6.156516601082406143e-02
1.914155534562589703e-02 6.012660089657122231e-02
1.836881654561541705e-02 5.869964585809700486e-02
1.761125996996462661e-02 5.728450402561915261e-02
1.686882092150581228e-02 5.588137852935531197e-02
1.614143470307139588e-02 5.449047249952326116e-02
1.542903661749370735e-02 5.311198906634070904e-02
1.473156196760506097e-02 5.174613136002529507e-02
1.404894605623788553e-02 5.039310251079483910e-02
1.338112418622445718e-02 4.905310564886694591e-02
1.272803166039721857e-02 4.772634390445941455e-02
1.208960378158844412e-02 4.641302040778985671e-02
1.146577585263055220e-02 4.511333828907610616e-02
1.085648317635587966e-02 4.382750067853583703e-02
1.026166105559673386e-02 4.255571070638664022e-02
9.681244793185540126e-03 4.129817150284640498e-02
9.115169691954591938e-03 4.005508619813264587e-02
8.563371054736316351e-03 3.882665792246330766e-02
8.025784184363032869e-03 3.761308980605598817e-02
7.502344383667057526e-03 3.641458497912829217e-02
6.992986955480817376e-03 3.523134657189814362e-02
6.497647202636597230e-03 3.406357771458302236e-02
6.016260427966815469e-03 3.291148153740083848e-02
5.548761934303807208e-03 3.177526117056925226e-02
5.095087024479890217e-03 3.065511974430585457e-02
4.655171001327477673e-03 2.955126038882851386e-02
4.228949167678878671e-03 2.846388623435483142e-02
3.816356826366482102e-03 2.739320041110262713e-02
3.417329280222643900e-03 2.633940604928955084e-02
3.031801832079671424e-03 2.530270627913325243e-02
2.659709784769988261e-03 2.428330423085156564e-02
2.300988441125877484e-03 2.328140303466203279e-02
1.955573103979759211e-03 2.229720582078255353e-02
1.623399076163966823e-03 2.133091571943075346e-02
1.304401660510840638e-03 2.038273586082429631e-02
9.985161598527608762e-04 1.945286937518105053e-02
7.056778770220505093e-04 1.854151939271851679e-02
4.258221148511105725e-04 1.764888904365459130e-02
1.588841761722397522e-04 1.677518145820683024e-02
-9.520063618215571233e-05 1.592059976659305001e-02
-3.364970193797372361e-04 1.508534709903098549e-02
-5.650696705881627646e-04 1.426962658573822755e-02
-7.809832869750694267e-04 1.347364135693255444e-02
-9.843025657080839430e-04 1.269759454283170275e-02
-1.175092203954864259e-03 1.194168927365341082e-02
-1.353416898883052708e-03 1.120612867961529209e-02
-1.519341347660307234e-03 1.049111589093508316e-02
-1.672930247454271907e-03 9.796854037830492884e-03
-1.814248295432564773e-03 9.123546250519311632e-03
-1.943360188762850715e-03 8.471395659219199681e-03
-2.060330624612773803e-03 7.840605394147827714e-03
-2.165224300149960757e-03 7.231378585522997386e-03
-2.258105912542090338e-03 6.643918363562261419e-03
-2.339040158956778859e-03 6.078427858483500396e-03
-2.408091736561666918e-03 5.535110200504404082e-03
-2.465325342524426339e-03 5.014168519842585048e-03
-2.510805674012673433e-03 4.515805946715838008e-03
-2.544597428194076555e-03 4.040225611341780737e-03
-2.566765302236258955e-03 3.587630643938274737e-03
-2.577373993306882050e-03 3.158224174722894847e-03
-2.576488198573579497e-03 2.752209333913439252e-03
-2.564172615203991895e-03 2.369789251727585141e-03
-2.540491940365780660e-03 2.011167058382993655e-03
-2.505510871226572511e-03 1.676545884097479242e-03
-2.459294104954025395e-03 1.366128859088694154e-03
-2.401906338715779909e-03 1.080119113574342033e-03
-2.333412269679476653e-03 8.187197777721516752e-04
-2.253876595012759693e-03 5.821339818998010280e-04
-2.163364011883269628e-03 3.705648561750707120e-04
-2.061939217458671342e-03 1.842155308156298652e-04
-1.949666908906595025e-03 2.328913603915610934e-05
-1.826611783394681277e-03 -1.120111979365439139e-04
-1.692838538090563755e-03 -2.214823408938786141e-04
-1.548411870161917753e-03 -3.049211626150498877e-04
-1.393396476776369991e-03 -3.621245328823801670e-04
-1.227857055101568007e-03 -3.928893214781144184e-04
-1.051858302305162807e-03 -3.970123981846351391e-04
-8.654649155547602946e-04 -3.742906327841099374e-04
-6.687415920180669882e-04 -3.245208950589386038e-04
-4.617530288626818524e-04 -2.475000547913403003e-04
-2.445639232562767107e-04 -1.430249817636631822e-04
-1.723897236647481401e-05 -1.089254575812641000e-05
2.201780173462093671e-04 1.490391765766143674e-04
4.677476684060734562e-04 3.366061461903592251e-04
7.255631676520736800e-04 5.515489151200882265e-04
9.937177126165606771e-04 7.936080040727866046e-04
1.272304500831860936e-03 1.062523933755413815e-03
1.561416729830297691e-03 1.358037224874920424e-03
1.861147597144158401e-03 1.679888398138309038e-03
2.171590300305779962e-03 2.027817974252461592e-03
2.492838036847489294e-03 2.401566473924397500e-03
2.824984004301648016e-03 2.800874417861136823e-03
3.168121400200511490e-03 3.225482326769535477e-03
3.522343422076403170e-03 3.675130721356569940e-03
3.887743267461680335e-03 4.149560122329242276e-03
4.264414133888659933e-03 4.648511050394503810e-03
4.652449218889698375e-03 5.171724026259384363e-03
5.051941719997019367e-03 5.718939570630701685e-03
5.462984834743007077e-03 6.289898204215505113e-03
5.885671760659960672e-03 6.884340447720724288e-03
6.320095695280233961e-03 7.502006821853365176e-03
6.766349836136172947e-03 8.142637847320449360e-03
7.224527380760016951e-03 8.805974044828765099e-03
7.694721526684118913e-03 9.491755935085399026e-03
8.177025471440810961e-03 1.019972403879726257e-02
8.671532412562408740e-03 1.092961887667136256e-02
9.178335547581297285e-03 1.168118096941468675e-02
9.697528074029671680e-03 1.245415083773408933e-02
1.022920318943993691e-02 1.324826900233658927e-02
1.077345409134438520e-02 1.406327598392915178e-02
1.133037397727534867e-02 1.489891230321872991e-02
1.190005604476521844e-02 1.575491848091241376e-02
1.248259349134618786e-02 1.663103503771693262e-02
1.307807951455061853e-02 1.752700249433935403e-02
1.368660731191087380e-02 1.844256137148669178e-02
1.430827008095924072e-02 1.937745218986583473e-02
1.494316101922812771e-02 2.033141547018391462e-02
1.559137332424969866e-02 2.130419173314761563e-02
1.625300019355636894e-02 2.229552149946407991e-02
1.692813482468045333e-02 2.330514528984023101e-02
1.761687041515425448e-02 2.433280362498299251e-02
1.831930016251018950e-02 2.537823702559950656e-02
1.903551726428042920e-02 2.644118601239646774e-02
1.976561491799735601e-02 2.752139110608100778e-02
2.050968632119329338e-02 2.861859282736002250e-02
2.126782467140057170e-02 2.973253169694047016e-02
2.204012316615160463e-02 3.086294823552952760e-02
2.282667500297852828e-02 3.200958296383383389e-02
2.362757337941373201e-02 3.317217640256046179e-02
2.444291149298959132e-02 3.435046907241641467e-02
2.527278254123837414e-02 3.554420149410864732e-02
2.611727972169252537e-02 3.675311418834426719e-02
2.697649623188416376e-02 3.797694767582993763e-02
2.785052526934573072e-02 3.921544247727280080e-02
2.873946003160949766e-02 4.046833911337974210e-02
2.964339371620783314e-02 4.173537810485780652e-02
3.056241952067315082e-02 4.301629997241405295e-02
3.149663064253754863e-02 4.431084523675517250e-02
3.244612027933348186e-02 4.561875441858828650e-02
3.341098162859322540e-02 4.693976803862032199e-02
3.439130788784913739e-02 4.827362661755826151e-02
3.538719225463364537e-02 4.962007067610921252e-02
3.639872792647883687e-02 5.097884073497983837e-02
3.742600810091716024e-02 5.234967731487728815e-02
3.846912597548092505e-02 5.373232093650844726e-02
3.952817474770246170e-02 5.512651212058033295e-02
4.060324761511419078e-02 5.653199138780003186e-02
4.169443777524821371e-02 5.794849925887424896e-02
4.280183842563697189e-02 5.937577625451003621e-02
4.392554276381280265e-02 6.081356289541444554e-02
4.506564398730810578e-02 6.226159970229450114e-02
4.622223529365496880e-02 6.371962719585684554e-02
4.739540988038587477e-02 6.518738589680872497e-02
4.858526094503309856e-02 6.666461632585696240e-02
4.979188168512898444e-02 6.815105900370860281e-02
5.101536529820598770e-02 6.964645445107071897e-02
5.225580498179616812e-02 7.115054318865002281e-02
5.351329393343196017e-02 7.266306573715355932e-02
5.478792535064570812e-02 7.418376261728830412e-02
5.607979243096970767e-02 7.571237434976126057e-02
5.738898837193645575e-02 7.724864145527954307e-02
5.871560637107794967e-02 7.879230445454976639e-02
6.005973962592667248e-02 8.034310386827905881e-02
6.142148133401495458e-02 8.190078021717436818e-02
6.280092469287511248e-02 8.346507402194272562e-02
6.419816290003962922e-02 8.503572580329123165e-02
6.561328915304048826e-02 8.661247608192644554e-02
6.704639664941018651e-02 8.819506537855555106e-02
6.849757858668106825e-02 8.978323421388555159e-02
6.996692816238539447e-02 9.137672310862332559e-02
7.145453857405570375e-02 9.297527258347607071e-02
7.296050301922396564e-02 9.457862315915037399e-02
7.448491469542267707e-02 9.618651535635339145e-02
7.602786680018416843e-02 9.779868969579205706e-02
7.758945253104074236e-02 9.941488669817336032e-02
7.916976508552489578e-02 1.010348468842044295e-01
8.076889766116859826e-02 1.026583107745918794e-01
8.238694345550434672e-02 1.042850188900428521e-01
8.402399566606447157e-02 1.059147117512642539e-01
8.568014749038133093e-02 1.075471298789631991e-01
8.735549212598733848e-02 1.091820137938466495e-01
8.905012277041449154e-02 1.108191040166212615e-01
9.076413262119534253e-02 1.124581410679942189e-01
9.249761487586215247e-02 1.140988654686725112e-01
9.425066273194725175e-02 1.157410177393630030e-01
9.602336938698320667e-02 1.173843384007729057e-01
9.781582803850190355e-02 1.190285679736088620e-01
9.962813188403582543e-02 1.206734469785778613e-01
1.014603741211173582e-01 1.223187159363870180e-01
1.033126479472788323e-01 1.239641153677432661e-01
1.051850465600527029e-01 1.256093857933536784e-01
1.070776631569709259e-01 1.272542677339248973e-01
1.089905909355660119e-01 1.288985017101641206e-01
1.109239230933703468e-01 1.305418282427782406e-01
1.128777528279161224e-01 1.321839878524742051e-01
1.148521733367360159e-01 1.338247210599592119e-01
1.168472778173618165e-01 1.354637683859398201e-01
1.188631594673261183e-01 1.371008703511232274e-01
1.208999114841611822e-01 1.387357674762163540e-01
1.229576270653993941e-01 1.403682002819262031e-01
1.250363994085732788e-01 1.419979092889598060e-01
1.271363217112147226e-01 1.436246350180238884e-01
1.292574871708562223e-01 1.452481179898255648e-01
1.313999889850301361e-01 1.468680987250717551e-01
1.335639203512687945e-01 1.484843177444694629e-01
1.357493744671047220e-01 1.500965155687258301e-01
1.379564445300697773e-01 1.517044327185473884e-01
1.401852237376965959e-01 1.533078097146414465e-01
1.424358052875173419e-01 1.549063870777147578e-01
1.447082823770644566e-01 1.564999053284743813e-01
1.470027482038704647e-01 1.580881049876274591e-01
1.493192959654672802e-01 1.596707265758807170e-01
1.516580188593872891e-01 1.612475106139410475e-01
1.540190100831630160e-01 1.628181976225156202e-01
1.564023628343266248e-01 1.643825281223113277e-01
1.588081703104107789e-01 1.659402426340352288e-01
1.612365257089472537e-01 1.674910816783940493e-01
1.636875222274686570e-01 1.690347857760948758e-01
1.661612530635072638e-01 1.705710954478447394e-01
1.686578114145957097e-01 1.720997512143506436e-01
1.711772904782657423e-01 1.736204935963192864e-01
1.737197834520500250e-01 1.751330631144578376e-01
1.762853835334807495e-01 1.766372002894731619e-01
1.788741839200903294e-01 1.781326456420723181e-01
1.814862778094113449e-01 1.796191396929623374e-01
1.841217583989755990e-01 1.810964229628499733e-01
1.867807188863155887e-01 1.825642359724422847e-01
1.894632524689637831e-01 1.840223192424462473e-01
1.921694523444523461e-01 1.854704132935687533e-01
1.948994117103139967e-01 1.869082586465170559e-01
1.976532237640804546e-01 1.883355958219976589e-01
2.004309817032843000e-01 1.897521653407177877e-01
2.032327787254579188e-01 1.911577077233843625e-01
2.060587080281335581e-01 1.925519634907043864e-01
2.089088628088439092e-01 1.939346731633849186e-01
2.117833362651206364e-01 1.953055772621326291e-01
2.146822215944963474e-01 1.966644163076546603e-01
2.176056119945033729e-01 1.980109308206579322e-01
2.205536006626740708e-01 1.993448613218494481e-01
2.235262807965411325e-01 2.006659483319363502e-01
2.265237455936360556e-01 2.019739323716251422e-01
2.295460882514917533e-01 2.032685539616231885e-01
2.325934019676402786e-01 2.045495536226372424e-01
2.356657799396141562e-01 2.058166718753743629e-01
2.387633153649458551e-01 2.070696492405415534e-01
2.418861014411671784e-01 2.083082262388456229e-01
2.450342313658108173e-01 2.095321433909936859e-01
2.482077983364088802e-01 2.107411412176925514e-01
2.514068955504938363e-01 2.119349602396492782e-01
2.546316162055984322e-01 2.131133409775710363e-01
2.578820534992540825e-01 2.142760239521643295e-01
2.611583006289935893e-01 2.154227496841364109e-01
2.644604507923492553e-01 2.165532586941942284e-01
2.677885971868534387e-01 2.176672915030446742e-01
2.711428330100387751e-01 2.187645886313948906e-01
2.745232514594369011e-01 2.198448905999516034e-01
2.779299457325804523e-01 2.209079379294218159e-01
2.813630090270017314e-01 2.219534711405125871e-01
2.848225345402330966e-01 2.229812307539307814e-01
2.883086154698072945e-01 2.239909572903835966e-01
2.918213450132557951e-01 2.249823912705776752e-01
2.953608163681113452e-01 2.259552732152201038e-01
2.989271227319063029e-01 2.269093436450179135e-01
3.025203573021729708e-01 2.278443430806779690e-01
3.061406132764439847e-01 2.287600120429074124e-01
3.097879838522509810e-01 2.296560910524129417e-01
3.134625622271266510e-01 2.305323206299016436e-01
3.171644415986032417e-01 2.313884412960804937e-01
3.208937151642132224e-01 2.322241935716564953e-01
3.246504761214891177e-01 2.330393179773365686e-01
3.284348176679626197e-01 2.338335550338276336e-01
3.322468030189072996e-01 2.346066594319309861e-01
3.360860717380910190e-01 2.353585860869113755e-01
3.399519495793725254e-01 2.360894382256056023e-01
3.438437549048496966e-01 2.367993225683152347e-01
3.477608060766185782e-01 2.374883458353416188e-01
3.517024214567766593e-01 2.381566147469861283e-01
3.556679194074212069e-01 2.388042360235503314e-01
3.596566182906496545e-01 2.394313163853355741e-01
3.636678364685582143e-01 2.400379625526432303e-01
3.677008923032445420e-01 2.406242812457748126e-01
3.717551041568056824e-01 2.411903791850318335e-01
3.758297903913388471e-01 2.417363630907155558e-01
3.799242693689413031e-01 2.422623396831275200e-01
3.840378594517095401e-01 2.427684156825690998e-01
3.881698790017410472e-01 2.432546978093417800e-01
3.923196463811327583e-01 2.437212927837468235e-01
3.964864799519821070e-01 2.441683073260859371e-01
4.006696980763862492e-01 2.445958481566603560e-01
4.048686191164418413e-01 2.450040219957716203e-01
4.090825614342462613e-01 2.453929355637211318e-01
4.133108433918963320e-01 2.457626955808101810e-01
4.175527833514895981e-01 2.461134087673404747e-01
4.218076996751232710e-01 2.464451818436131925e-01
4.260749107248937850e-01 2.467581215299299580e-01
4.303537348628986292e-01 2.470523345465920617e-01
4.346434904512348485e-01 2.473279276139009886e-01
4.389434958519995433e-01 2.475850074521580568e-01
4.432530694272904248e-01 2.478236807816649456e-01
4.475715295392035387e-01 2.480440543227229455e-01
4.518981945498366515e-01 2.482462347956334581e-01
4.562323828212865306e-01 2.484303289206979681e-01
4.605734127156504987e-01 2.485964434182178218e-01
4.649206025950261556e-01 2.487446850084945316e-01
4.692732708215095472e-01 2.488751604118295546e-01
4.736307357571984400e-01 2.489879763485242925e-01
4.779923157641898790e-01 2.490832395388801190e-01
4.823573292045807426e-01 2.491610567031985468e-01
4.867250944404690194e-01 2.492215345617810052e-01
4.910949298339503666e-01 2.492647798349288124e-01
4.954661537471228283e-01 2.492908992429435366e-01
4.998380845420832275e-01 2.492999995061265517e-01
5.042100405809288866e-01 2.492921555790787724e-01
5.085813402257570726e-01 2.492673004099851819e-01
5.129513018386642198e-01 2.492253272803513497e-01
5.173192437817478728e-01 2.491661294698756801e-01
5.216844844171050211e-01 2.490896002582568269e-01
5.260463421068328760e-01 2.489956329251934164e-01
5.304041352130289821e-01 2.488841207503838249e-01
5.347571820977896628e-01 2.487549570135268173e-01
5.391048011232121295e-01 2.486080349943208812e-01
5.434463106513938158e-01 2.484432479724646425e-01
5.477810290444317110e-01 2.482604892276565611e-01
5.521082746644232486e-01 2.480596520395952354e-01
5.564273658734648631e-01 2.478406296879792359e-01
5.607376210336540989e-01 2.476033154525072721e-01
5.650383585070877235e-01 2.473476026128776928e-01
5.693288966558633923e-01 2.470733844487892628e-01
5.736085538420780949e-01 2.467805542399403307e-01
5.778766484278284876e-01 2.464690052660296615e-01
5.821324987752118929e-01 2.461386308067557982e-01
5.863754232463255223e-01 2.457893241418171726e-01
5.906047402032662541e-01 2.454209785509124664e-01
5.948197680081318550e-01 2.450334873137402780e-01
5.990198250230186483e-01 2.446267437099990671e-01
6.032042296100239565e-01 2.442006410193875432e-01
6.073723001312452130e-01 2.437550725216041381e-01
6.115233549487789633e-01 2.432899314963474502e-01
6.156567124247231959e-01 2.428051112233160780e-01
6.197716909211740122e-01 2.423005049822085366e-01
6.238676088002290676e-01 2.417760060527234522e-01
6.279437844239853517e-01 2.412315077145594788e-01
6.319995361545398538e-01 2.406669032474150760e-01
6.360341823539901185e-01 2.400820859309886479e-01
6.400470413844329132e-01 2.394769490449791538e-01
6.440374316079652273e-01 2.388513858690848035e-01
6.480046713866842722e-01 2.382052896830043898e-01
6.519480790826877037e-01 2.375385537664362334e-01
6.558669730580717339e-01 2.368510713990793215e-01
6.597606716749336853e-01 2.361427358606318361e-01
6.636284932953709914e-01 2.354134404307924588e-01
6.674697562814805307e-01 2.346630783892598160e-01
6.712837828918361005e-01 2.338915448572691513e-01
6.750701709931908878e-01 2.330988652128815064e-01
6.788289716023637732e-01 2.322852790001112555e-01
6.825602779168866707e-01 2.314510456982511177e-01
6.862641831342924936e-01 2.305964247865944505e-01
6.899407804521136001e-01 2.297216757444340285e-01
6.935901630678813490e-01 2.288270580510630148e-01
6.972124241791288757e-01 2.279128311857745448e-01
7.008076569833880942e-01 2.269792546278615319e-01
7.043759546781915848e-01 2.260265878566169728e-01
7.079174104610719276e-01 2.250550903513339196e-01
7.114321175295609256e-01 2.240650215913055909e-01
7.149201690811910481e-01 2.230566410558248724e-01
7.183816583134945422e-01 2.220302082241848163e-01
7.218166784240040990e-01 2.209859825756785023e-01
7.252253226102518546e-01 2.199242235895987330e-01
7.286076840697698342e-01 2.188451907452389489e-01
7.319638560000908400e-01 2.177491435218920079e-01
7.352939315987465640e-01 2.166363413988508235e-01
7.385980040632699195e-01 2.155070438554085865e-01
7.418761665911932646e-01 2.143615103708581271e-01
7.451285123800484023e-01 2.132000004244928304e-01
7.483551346273679128e-01 2.120227734956054710e-01
7.515561265306842653e-01 2.108300890634891567e-01
7.547315812875295959e-01 2.096222066074369672e-01
7.578815920954363738e-01 2.083993856067417605e-01
7.610062521519367351e-01 2.071618855406968385e-01
7.641056546545630379e-01 2.059099658885950868e-01
7.671798928008476404e-01 2.046438861297295853e-01
7.702290597883227896e-01 2.033639057433933306e-01
7.732532488145212879e-01 2.020702842088792361e-01
7.762525530769748272e-01 2.007632810054806594e-01
7.792270657732158767e-01 1.994431556124904859e-01
7.821768801007769056e-01 1.981101675092016845e-01
7.851020892571902721e-01 1.967645761749073630e-01
7.880027864399883342e-01 1.954066410889003236e-01
7.908790648467031170e-01 1.940366217304740626e-01
7.937310176748669788e-01 1.926547775789213268e-01
7.965587381220123886e-01 1.912613681135351407e-01
7.993623193856718157e-01 1.898566528136086673e-01
8.021418546633776181e-01 1.884408911584347368e-01
8.048974371526615990e-01 1.870143426273066511e-01
8.076291600510564495e-01 1.855772666995172959e-01
8.103371165560943057e-01 1.841299228543597788e-01
8.130213998653077478e-01 1.826725705711270964e-01
8.156821031762293561e-01 1.812054693291120788e-01
8.183193196863906005e-01 1.797288786076081113e-01
8.209331425933241722e-01 1.782430578859081904e-01
8.235236650945626513e-01 1.767482666433051186e-01
8.260909803876382851e-01 1.752447643590921700e-01
8.286351816700834316e-01 1.737328105125620636e-01
8.311563621394300050e-01 1.722126645830081848e-01
8.336546149932108074e-01 1.706845860497234746e-01
8.361300334289577529e-01 1.691488343920009851e-01
8.385827106442037548e-01 1.676056690891334633e-01
8.410127398364803941e-01 1.660553496204143498e-01
8.434202142033203620e-01 1.644981354651365579e-01
8.458052269422560165e-01 1.629342861025930289e-01
8.481678712508196050e-01 1.613640610120768981e-01
8.505082403265440405e-01 1.597877196728809956e-01
8.528264273669603490e-01 1.582055215642987067e-01
8.551225255696018879e-01 1.566177261656228614e-01
8.573966281320003491e-01 1.550245929561464842e-01
8.596488282516886459e-01 1.534263814151626826e-01
8.618792191261989144e-01 1.518233510219643145e-01
8.640878939530635128e-01 1.502157612558447097e-01
8.662749459298141330e-01 1.486038715960967538e-01
8.684404682539839104e-01 1.469879415220134988e-01
8.705845541231049811e-01 1.453682305128879970e-01
8.727072967347094812e-01 1.437449980480130785e-01
8.748087892863296577e-01 1.421185036066821283e-01
8.768891249754978690e-01 1.404890066681880045e-01
8.789483969997469170e-01 1.388567667118238147e-01
8.809866985566083830e-01 1.372220432168824722e-01
8.830041228436154022e-01 1.355850956626569737e-01
8.850007630582994445e-01 1.339461835284406210e-01
8.869767123981934231e-01 1.323055662935262999e-01
8.889320640608293633e-01 1.306635034372070348e-01
8.908669112437395121e-01 1.290202544387758499e-01
8.927813471444570048e-01 1.273760787775256864e-01
8.946754649605130894e-01 1.257312359327499018e-01
8.965493578894402349e-01 1.240859853837412430e-01
8.984031191287715767e-01 1.224405866097929146e-01
9.002368418760383628e-01 1.207952990901978024e-01
9.020506193287742835e-01 1.191503823042489446e-01
9.038445446845102538e-01 1.175060957312395599e-01
9.056187111407790757e-01 1.158626988504625754e-01
9.073732118951134407e-01 1.142204511412110990e-01
9.091081401450453736e-01 1.125796120827780161e-01
9.108235890881072327e-01 1.109404411544563235e-01
9.125196519218312652e-01 1.093031978355393369e-01
9.141964218437499401e-01 1.076681416053200252e-01
9.158539920513957266e-01 1.060355319430913018e-01
9.174924557423003169e-01 1.044056283281461911e-01
9.191119061139968460e-01 1.027786902397776619e-01
9.207124363640168951e-01 1.011549771572789885e-01
9.222941396898931554e-01 9.953474855994318138e-02
9.238571092891578740e-01 9.791826392706309834e-02
9.254014383593437421e-01 9.630578273793197197e-02
9.269272200979824516e-01 9.469756447184247972e-02
9.284345477026068050e-01 9.309386860808814557e-02
9.299235143707486051e-01 9.149495462596174411e-02
9.313942132999406542e-01 8.990108200475635525e-02
9.328467376877154216e-01 8.831251022376504500e-02
9.342811807316048212e-01 8.672949876228058796e-02
9.356976356291411001e-01 8.515230709959645261e-02
9.370961955778567276e-01 8.358119471500546904e-02
9.384769537752841728e-01 8.201642108780067553e-02
9.398400034189556829e-01 8.045824569727511033e-02
9.411854377064038379e-01 7.890692802272164519e-02
9.425133498351601080e-01 7.736272754343365143e-02
9.438238330027576284e-01 7.582590373870400080e-02
9.451169804067283131e-01 7.429671608782570380e-02
9.463928852446047424e-01 7.277542407009182646e-02
9.476516407139192744e-01 7.126228716479528214e-02
9.488933400122042672e-01 6.975756485122938666e-02
9.501180763369915239e-01 6.826151660868699789e-02
9.513259428858135136e-01 6.677440191646118184e-02
9.525170328562031496e-01 6.529648025384494903e-02
9.536914394456922350e-01 6.382801110013124057e-02
9.548492558518130169e-01 6.236925393461333761e-02
9.559905752720982974e-01 6.092046823658418819e-02
9.571154909040799907e-01 5.948191348533676814e-02
9.582240959452905660e-01 5.805384916016396307e-02
9.593164835932622703e-01 5.663653474035920676e-02
9.603927470455274618e-01 5.523022970521524605e-02
9.614529794996182765e-01 5.383519353402521634e-02
9.624972741530675169e-01 5.245168570608214204e-02
9.635257242034072078e-01 5.107996570067888098e-02
9.645384228481697075e-01 4.972029299710881839e-02
9.655354632848871521e-01 4.837292707466476355e-02
9.665169387110920107e-01 4.703812741263981023e-02
9.674829423243168636e-01 4.571615349032701059e-02
9.684335673220935137e-01 4.440726478701920860e-02
9.693689069019546523e-01 4.311172078200976865e-02
9.702890542614324154e-01 4.182978095459156248e-02
9.711941025980592723e-01 4.056170478405762836e-02
9.720841451093672481e-01 3.930775174970103231e-02
9.729592749928893669e-01 3.806818133081462524e-02
9.738195854461573209e-01 3.684325300669178543e-02
9.746651696667036902e-01 3.563322625662533605e-02
9.754961208520600557e-01 3.443836055990836392e-02
9.763125321997602191e-01 3.325891539583389345e-02
9.771144969073352060e-01 3.209515024369485187e-02
9.779021081723181519e-01 3.094732458278451337e-02
9.786754591922406377e-01 2.981569789239580867e-02
9.794346431646354656e-01 2.870052965182172053e-02
9.801797532870348828e-01 2.760207934035532537e-02
9.809108827569710254e-01 2.652060643728957126e-02
9.816281247719770287e-01 2.545637042191768382e-02
9.823315725295838075e-01 2.440963077353258681e-02
9.830213192273247191e-01 2.338064697142735321e-02
9.836974580627316778e-01 2.236967849489497270e-02
9.843600822333374856e-01 2.137698482322841764e-02
9.850092849366737235e-01 2.040282543572092058e-02
9.856451593702733049e-01 1.944745981166540877e-02
9.862677987316682549e-01 1.851114743035495169e-02
9.868772962183910424e-01 1.759414777108252170e-02
9.874737450279740258e-01 1.669672031314112584e-02
9.880572383579493412e-01 1.581912453582397932e-02
9.886278694058492356e-01 1.496161991842398335e-02
9.891857313692062892e-01 1.412446594023419703e-02
9.897309174455529712e-01 1.330792208054766730e-02
9.902635208324211957e-01 1.251224781865737691e-02
9.907836347273435429e-01 1.173770263385645087e-02
9.912913523278519268e-01 1.098454600543794478e-02
9.917867668314795937e-01 1.025303741269480672e-02
9.922699714357576806e-01 9.543436334920128716e-03
9.927410593382192117e-01 8.856002251406841497e-03
9.932001237363965451e-01 8.190994641448122102e-03
9.936472578278214840e-01 7.548672984336977573e-03
9.940825548100271636e-01 6.929296759366440975e-03
9.945061078805453869e-01 6.333125445829488123e-03
9.949180102369082901e-01 5.760418523019198919e-03
9.953183550766484533e-01 5.211435470228635916e-03
9.957072355972980127e-01 4.686435766750806156e-03
9.960847449963896594e-01 4.185678891878780866e-03
9.964509764714557516e-01 3.709424324905528057e-03
9.968060232200283144e-01 3.257931545124122426e-03
9.971499784396397059e-01 2.831460031827657316e-03
9.974829353278220623e-01 2.430269264309082959e-03
9.978049870821079637e-01 2.054618721861514383e-03
9.981162269000298792e-01 1.704767883777892927e-03
9.984167479791196120e-01 1.380976229351367447e-03
9.987066435169100753e-01 1.083503237874888824e-03
9.989860067109330721e-01 8.126083886415454149e-04
9.992549307587215157e-01 5.685511609443308183e-04
9.995135088578073201e-01 3.515910340762904568e-04
9.997618342057225105e-01 1.619874873305127150e-04
1.000000000000000000e+00 0.000000000000000000e+00
