Zone T="FFD_vol0" I=9 J=2 K=2
DATAPACKING=POINT
0.840000 -0.002480 0.000000 
0.765115 0.123795 0.000000 
0.650099 0.244943 0.000000 
0.525886 0.278987 0.000000 
0.400000 0.272768 0.000000 
0.274114 0.278987 0.000000 
0.149901 0.244943 0.000000 
0.034885 0.123795 0.000000 
-0.040000 -0.002480 0.000000 
0.760000 -0.002480 0.000000 
0.602400 0.086063 0.000000 
0.456079 0.162510 0.000000 
0.398940 0.180651 0.000000 
0.400000 0.174643 0.000000 
0.401060 0.180651 0.000000 
0.343921 0.162510 0.000000 
0.197600 0.086063 0.000000 
0.040000 -0.002480 0.000000 
0.840000 -0.002480 0.100000 
0.765115 0.123795 0.100000 
0.650099 0.244943 0.100000 
0.525886 0.278987 0.100000 
0.400000 0.272768 0.100000 
0.274114 0.278987 0.100000 
0.149901 0.244943 0.100000 
0.034885 0.123795 0.100000 
-0.040000 -0.002480 0.100000 
0.760000 -0.002480 0.100000 
0.602400 0.086063 0.100000 
0.456079 0.162510 0.100000 
0.398940 0.180651 0.100000 
0.400000 0.174643 0.100000 
0.401060 0.180651 0.100000 
0.343921 0.162510 0.100000 
0.197600 0.086063 0.100000 
0.040000 -0.002480 0.100000 
