Zone T="embedding_vol" I=25 J=4 K=4
DATAPACKING=POINT
1.575000 -0.004649 0.000000 
1.529380 0.069815 0.000000 
1.486029 0.135789 0.000000 
1.444804 0.193906 0.000000 
1.368155 0.289105 0.000000 
1.298282 0.360485 0.000000 
1.234033 0.413119 0.000000 
1.145757 0.466406 0.000000 
1.064074 0.496386 0.000000 
0.985514 0.510518 0.000000 
0.907203 0.515630 0.000000 
0.828659 0.516013 0.000000 
0.750000 0.515327 0.000000 
0.671341 0.516013 0.000000 
0.592797 0.515630 0.000000 
0.514486 0.510518 0.000000 
0.435926 0.496386 0.000000 
0.354243 0.466406 0.000000 
0.265967 0.413119 0.000000 
0.201718 0.360485 0.000000 
0.131845 0.289105 0.000000 
0.055196 0.193906 0.000000 
0.013971 0.135789 0.000000 
-0.029380 0.069815 0.000000 
-0.075000 -0.004649 0.000000 
1.525000 -0.004649 0.000000 
1.463659 0.062305 0.000000 
1.407444 0.121444 0.000000 
1.355966 0.173369 0.000000 
1.265653 0.257967 0.000000 
1.189590 0.320890 0.000000 
1.124649 0.366926 0.000000 
1.042218 0.413213 0.000000 
0.973047 0.438934 0.000000 
0.912409 0.450737 0.000000 
0.856156 0.454709 0.000000 
0.802443 0.454690 0.000000 
0.750000 0.453955 0.000000 
0.697557 0.454690 0.000000 
0.643844 0.454709 0.000000 
0.587591 0.450737 0.000000 
0.526953 0.438934 0.000000 
0.457782 0.413213 0.000000 
0.375351 0.366926 0.000000 
0.310410 0.320890 0.000000 
0.234347 0.257967 0.000000 
0.144034 0.173369 0.000000 
0.092556 0.121444 0.000000 
0.036341 0.062305 0.000000 
-0.025000 -0.004649 0.000000 
1.475000 -0.004649 0.000000 
1.397937 0.054794 0.000000 
1.328859 0.107100 0.000000 
1.267128 0.152833 0.000000 
1.163150 0.226830 0.000000 
1.080898 0.281294 0.000000 
1.015265 0.320734 0.000000 
0.938680 0.360020 0.000000 
0.882019 0.381482 0.000000 
0.839304 0.390956 0.000000 
0.805110 0.393789 0.000000 
0.776227 0.393367 0.000000 
0.750000 0.392583 0.000000 
0.723773 0.393367 0.000000 
0.694890 0.393789 0.000000 
0.660696 0.390956 0.000000 
0.617981 0.381482 0.000000 
0.561320 0.360020 0.000000 
0.484735 0.320734 0.000000 
0.419102 0.281294 0.000000 
0.336850 0.226830 0.000000 
0.232872 0.152833 0.000000 
0.171141 0.107100 0.000000 
0.102063 0.054794 0.000000 
0.025000 -0.004649 0.000000 
1.425000 -0.004649 0.000000 
1.332216 0.047283 0.000000 
1.250275 0.092756 0.000000 
1.178290 0.132296 0.000000 
1.060648 0.195692 0.000000 
0.972206 0.241699 0.000000 
0.905881 0.274541 0.000000 
0.835142 0.306827 0.000000 
0.790992 0.324029 0.000000 
0.766199 0.331174 0.000000 
0.754063 0.332869 0.000000 
0.750011 0.332044 0.000000 
0.750000 0.331211 0.000000 
0.749989 0.332044 0.000000 
0.745937 0.332869 0.000000 
0.733801 0.331174 0.000000 
0.709008 0.324029 0.000000 
0.664858 0.306827 0.000000 
0.594119 0.274541 0.000000 
0.527794 0.241699 0.000000 
0.439352 0.195692 0.000000 
0.321710 0.132296 0.000000 
0.249725 0.092756 0.000000 
0.167784 0.047283 0.000000 
0.075000 -0.004649 0.000000 
1.575000 -0.004649 0.033333 
1.529380 0.069815 0.033333 
1.486029 0.135789 0.033333 
1.444804 0.193906 0.033333 
1.368155 0.289105 0.033333 
1.298282 0.360485 0.033333 
1.234033 0.413119 0.033333 
1.145757 0.466406 0.033333 
1.064074 0.496386 0.033333 
0.985514 0.510518 0.033333 
0.907203 0.515630 0.033333 
0.828659 0.516013 0.033333 
0.750000 0.515327 0.033333 
0.671341 0.516013 0.033333 
0.592797 0.515630 0.033333 
0.514486 0.510518 0.033333 
0.435926 0.496386 0.033333 
0.354243 0.466406 0.033333 
0.265967 0.413119 0.033333 
0.201718 0.360485 0.033333 
0.131845 0.289105 0.033333 
0.055196 0.193906 0.033333 
0.013971 0.135789 0.033333 
-0.029380 0.069815 0.033333 
-0.075000 -0.004649 0.033333 
1.525000 -0.004649 0.033333 
1.463659 0.062305 0.033333 
1.407444 0.121444 0.033333 
1.355966 0.173369 0.033333 
1.265653 0.257967 0.033333 
1.189590 0.320890 0.033333 
1.124649 0.366926 0.033333 
1.042218 0.413213 0.033333 
0.973047 0.438934 0.033333 
0.912409 0.450737 0.033333 
0.856156 0.454709 0.033333 
0.802443 0.454690 0.033333 
0.750000 0.453955 0.033333 
0.697557 0.454690 0.033333 
0.643844 0.454709 0.033333 
0.587591 0.450737 0.033333 
0.526953 0.438934 0.033333 
0.457782 0.413213 0.033333 
0.375351 0.366926 0.033333 
0.310410 0.320890 0.033333 
0.234347 0.257967 0.033333 
0.144034 0.173369 0.033333 
0.092556 0.121444 0.033333 
0.036341 0.062305 0.033333 
-0.025000 -0.004649 0.033333 
1.475000 -0.004649 0.033333 
1.397937 0.054794 0.033333 
1.328859 0.107100 0.033333 
1.267128 0.152833 0.033333 
1.163150 0.226830 0.033333 
1.080898 0.281294 0.033333 
1.015265 0.320734 0.033333 
0.938680 0.360020 0.033333 
0.882019 0.381482 0.033333 
0.839304 0.390956 0.033333 
0.805110 0.393789 0.033333 
0.776227 0.393367 0.033333 
0.750000 0.392583 0.033333 
0.723773 0.393367 0.033333 
0.694890 0.393789 0.033333 
0.660696 0.390956 0.033333 
0.617981 0.381482 0.033333 
0.561320 0.360020 0.033333 
0.484735 0.320734 0.033333 
0.419102 0.281294 0.033333 
0.336850 0.226830 0.033333 
0.232872 0.152833 0.033333 
0.171141 0.107100 0.033333 
0.102063 0.054794 0.033333 
0.025000 -0.004649 0.033333 
1.425000 -0.004649 0.033333 
1.332216 0.047283 0.033333 
1.250275 0.092756 0.033333 
1.178290 0.132296 0.033333 
1.060648 0.195692 0.033333 
0.972206 0.241699 0.033333 
0.905881 0.274541 0.033333 
0.835142 0.306827 0.033333 
0.790992 0.324029 0.033333 
0.766199 0.331174 0.033333 
0.754063 0.332869 0.033333 
0.750011 0.332044 0.033333 
0.750000 0.331211 0.033333 
0.749989 0.332044 0.033333 
0.745937 0.332869 0.033333 
0.733801 0.331174 0.033333 
0.709008 0.324029 0.033333 
0.664858 0.306827 0.033333 
0.594119 0.274541 0.033333 
0.527794 0.241699 0.033333 
0.439352 0.195692 0.033333 
0.321710 0.132296 0.033333 
0.249725 0.092756 0.033333 
0.167784 0.047283 0.033333 
0.075000 -0.004649 0.033333 
1.575000 -0.004649 0.066667 
1.529380 0.069815 0.066667 
1.486029 0.135789 0.066667 
1.444804 0.193906 0.066667 
1.368155 0.289105 0.066667 
1.298282 0.360485 0.066667 
1.234033 0.413119 0.066667 
1.145757 0.466406 0.066667 
1.064074 0.496386 0.066667 
0.985514 0.510518 0.066667 
0.907203 0.515630 0.066667 
0.828659 0.516013 0.066667 
0.750000 0.515327 0.066667 
0.671341 0.516013 0.066667 
0.592797 0.515630 0.066667 
0.514486 0.510518 0.066667 
0.435926 0.496386 0.066667 
0.354243 0.466406 0.066667 
0.265967 0.413119 0.066667 
0.201718 0.360485 0.066667 
0.131845 0.289105 0.066667 
0.055196 0.193906 0.066667 
0.013971 0.135789 0.066667 
-0.029380 0.069815 0.066667 
-0.075000 -0.004649 0.066667 
1.525000 -0.004649 0.066667 
1.463659 0.062305 0.066667 
1.407444 0.121444 0.066667 
1.355966 0.173369 0.066667 
1.265653 0.257967 0.066667 
1.189590 0.320890 0.066667 
1.124649 0.366926 0.066667 
1.042218 0.413213 0.066667 
0.973047 0.438934 0.066667 
0.912409 0.450737 0.066667 
0.856156 0.454709 0.066667 
0.802443 0.454690 0.066667 
0.750000 0.453955 0.066667 
0.697557 0.454690 0.066667 
0.643844 0.454709 0.066667 
0.587591 0.450737 0.066667 
0.526953 0.438934 0.066667 
0.457782 0.413213 0.066667 
0.375351 0.366926 0.066667 
0.310410 0.320890 0.066667 
0.234347 0.257967 0.066667 
0.144034 0.173369 0.066667 
0.092556 0.121444 0.066667 
0.036341 0.062305 0.066667 
-0.025000 -0.004649 0.066667 
1.475000 -0.004649 0.066667 
1.397937 0.054794 0.066667 
1.328859 0.107100 0.066667 
1.267128 0.152833 0.066667 
1.163150 0.226830 0.066667 
1.080898 0.281294 0.066667 
1.015265 0.320734 0.066667 
0.938680 0.360020 0.066667 
0.882019 0.381482 0.066667 
0.839304 0.390956 0.066667 
0.805110 0.393789 0.066667 
0.776227 0.393367 0.066667 
0.750000 0.392583 0.066667 
0.723773 0.393367 0.066667 
0.694890 0.393789 0.066667 
0.660696 0.390956 0.066667 
0.617981 0.381482 0.066667 
0.561320 0.360020 0.066667 
0.484735 0.320734 0.066667 
0.419102 0.281294 0.066667 
0.336850 0.226830 0.066667 
0.232872 0.152833 0.066667 
0.171141 0.107100 0.066667 
0.102063 0.054794 0.066667 
0.025000 -0.004649 0.066667 
1.425000 -0.004649 0.066667 
1.332216 0.047283 0.066667 
1.250275 0.092756 0.066667 
1.178290 0.132296 0.066667 
1.060648 0.195692 0.066667 
0.972206 0.241699 0.066667 
0.905881 0.274541 0.066667 
0.835142 0.306827 0.066667 
0.790992 0.324029 0.066667 
0.766199 0.331174 0.066667 
0.754063 0.332869 0.066667 
0.750011 0.332044 0.066667 
0.750000 0.331211 0.066667 
0.749989 0.332044 0.066667 
0.745937 0.332869 0.066667 
0.733801 0.331174 0.066667 
0.709008 0.324029 0.066667 
0.664858 0.306827 0.066667 
0.594119 0.274541 0.066667 
0.527794 0.241699 0.066667 
0.439352 0.195692 0.066667 
0.321710 0.132296 0.066667 
0.249725 0.092756 0.066667 
0.167784 0.047283 0.066667 
0.075000 -0.004649 0.066667 
1.575000 -0.004649 0.100000 
1.529380 0.069815 0.100000 
1.486029 0.135789 0.100000 
1.444804 0.193906 0.100000 
1.368155 0.289105 0.100000 
1.298282 0.360485 0.100000 
1.234033 0.413119 0.100000 
1.145757 0.466406 0.100000 
1.064074 0.496386 0.100000 
0.985514 0.510518 0.100000 
0.907203 0.515630 0.100000 
0.828659 0.516013 0.100000 
0.750000 0.515327 0.100000 
0.671341 0.516013 0.100000 
0.592797 0.515630 0.100000 
0.514486 0.510518 0.100000 
0.435926 0.496386 0.100000 
0.354243 0.466406 0.100000 
0.265967 0.413119 0.100000 
0.201718 0.360485 0.100000 
0.131845 0.289105 0.100000 
0.055196 0.193906 0.100000 
0.013971 0.135789 0.100000 
-0.029380 0.069815 0.100000 
-0.075000 -0.004649 0.100000 
1.525000 -0.004649 0.100000 
1.463659 0.062305 0.100000 
1.407444 0.121444 0.100000 
1.355966 0.173369 0.100000 
1.265653 0.257967 0.100000 
1.189590 0.320890 0.100000 
1.124649 0.366926 0.100000 
1.042218 0.413213 0.100000 
0.973047 0.438934 0.100000 
0.912409 0.450737 0.100000 
0.856156 0.454709 0.100000 
0.802443 0.454690 0.100000 
0.750000 0.453955 0.100000 
0.697557 0.454690 0.100000 
0.643844 0.454709 0.100000 
0.587591 0.450737 0.100000 
0.526953 0.438934 0.100000 
0.457782 0.413213 0.100000 
0.375351 0.366926 0.100000 
0.310410 0.320890 0.100000 
0.234347 0.257967 0.100000 
0.144034 0.173369 0.100000 
0.092556 0.121444 0.100000 
0.036341 0.062305 0.100000 
-0.025000 -0.004649 0.100000 
1.475000 -0.004649 0.100000 
1.397937 0.054794 0.100000 
1.328859 0.107100 0.100000 
1.267128 0.152833 0.100000 
1.163150 0.226830 0.100000 
1.080898 0.281294 0.100000 
1.015265 0.320734 0.100000 
0.938680 0.360020 0.100000 
0.882019 0.381482 0.100000 
0.839304 0.390956 0.100000 
0.805110 0.393789 0.100000 
0.776227 0.393367 0.100000 
0.750000 0.392583 0.100000 
0.723773 0.393367 0.100000 
0.694890 0.393789 0.100000 
0.660696 0.390956 0.100000 
0.617981 0.381482 0.100000 
0.561320 0.360020 0.100000 
0.484735 0.320734 0.100000 
0.419102 0.281294 0.100000 
0.336850 0.226830 0.100000 
0.232872 0.152833 0.100000 
0.171141 0.107100 0.100000 
0.102063 0.054794 0.100000 
0.025000 -0.004649 0.100000 
1.425000 -0.004649 0.100000 
1.332216 0.047283 0.100000 
1.250275 0.092756 0.100000 
1.178290 0.132296 0.100000 
1.060648 0.195692 0.100000 
0.972206 0.241699 0.100000 
0.905881 0.274541 0.100000 
0.835142 0.306827 0.100000 
0.790992 0.324029 0.100000 
0.766199 0.331174 0.100000 
0.754063 0.332869 0.100000 
0.750011 0.332044 0.100000 
0.750000 0.331211 0.100000 
0.749989 0.332044 0.100000 
0.745937 0.332869 0.100000 
0.733801 0.331174 0.100000 
0.709008 0.324029 0.100000 
0.664858 0.306827 0.100000 
0.594119 0.274541 0.100000 
0.527794 0.241699 0.100000 
0.439352 0.195692 0.100000 
0.321710 0.132296 0.100000 
0.249725 0.092756 0.100000 
0.167784 0.047283 0.100000 
0.075000 -0.004649 0.100000 
