Zone T="FFD_vol1" I=9 J=2 K=2
DATAPACKING=POINT
1.862630 -0.355009 0.000000 
1.840873 -0.313824 0.000000 
1.806324 -0.257988 0.000000 
1.766700 -0.205017 0.000000 
1.722143 -0.156146 0.000000 
1.672795 -0.112184 0.000000 
1.617065 -0.077258 0.000000 
1.555113 -0.055096 0.000000 
1.467959 -0.048031 0.000000 
1.858011 -0.360918 0.000000 
1.835404 -0.320202 0.000000 
1.799415 -0.265299 0.000000 
1.758225 -0.213544 0.000000 
1.712221 -0.166023 0.000000 
1.661766 -0.123316 0.000000 
1.605280 -0.089585 0.000000 
1.542999 -0.068321 0.000000 
1.464879 -0.051969 0.000000 
1.862630 -0.355009 0.100000 
1.840873 -0.313824 0.100000 
1.806324 -0.257988 0.100000 
1.766700 -0.205017 0.100000 
1.722143 -0.156146 0.100000 
1.672795 -0.112184 0.100000 
1.617065 -0.077258 0.100000 
1.555113 -0.055096 0.100000 
1.467959 -0.048031 0.100000 
1.858011 -0.360918 0.100000 
1.835404 -0.320202 0.100000 
1.799415 -0.265299 0.100000 
1.758225 -0.213544 0.100000 
1.712221 -0.166023 0.100000 
1.661766 -0.123316 0.100000 
1.605280 -0.089585 0.100000 
1.542999 -0.068321 0.100000 
1.464879 -0.051969 0.100000 
