Zone T="embedding_vol" I=25 J=4 K=4
DATAPACKING=POINT
1.862630 -0.355009 0.000000 
1.855541 -0.341761 0.000000 
1.848763 -0.329429 0.000000 
1.842277 -0.317945 0.000000 
1.830099 -0.297257 0.000000 
1.818846 -0.279160 0.000000 
1.808357 -0.263118 0.000000 
1.793688 -0.241876 0.000000 
1.779740 -0.223066 0.000000 
1.765878 -0.205700 0.000000 
1.751575 -0.188959 0.000000 
1.736728 -0.172704 0.000000 
1.721344 -0.156964 0.000000 
1.705418 -0.141790 0.000000 
1.688900 -0.127315 0.000000 
1.671732 -0.113690 0.000000 
1.653674 -0.100999 0.000000 
1.633766 -0.089039 0.000000 
1.610866 -0.077538 0.000000 
1.592881 -0.070046 0.000000 
1.569769 -0.062884 0.000000 
1.538238 -0.056296 0.000000 
1.518287 -0.053295 0.000000 
1.494998 -0.050529 0.000000 
1.467959 -0.048031 0.000000 
1.861090 -0.356979 0.000000 
1.853908 -0.343783 0.000000 
1.847040 -0.331502 0.000000 
1.840468 -0.320070 0.000000 
1.828125 -0.299484 0.000000 
1.816719 -0.281488 0.000000 
1.806087 -0.265545 0.000000 
1.791221 -0.244446 0.000000 
1.777092 -0.225776 0.000000 
1.763060 -0.208550 0.000000 
1.748591 -0.191954 0.000000 
1.733588 -0.175845 0.000000 
1.718056 -0.160251 0.000000 
1.701994 -0.145220 0.000000 
1.685353 -0.130885 0.000000 
1.668075 -0.117397 0.000000 
1.649920 -0.104841 0.000000 
1.629926 -0.093017 0.000000 
1.606952 -0.081656 0.000000 
1.588957 -0.074224 0.000000 
1.566039 -0.066909 0.000000 
1.535109 -0.059743 0.000000 
1.515674 -0.056226 0.000000 
1.493077 -0.052758 0.000000 
1.466932 -0.049344 0.000000 
1.859550 -0.358948 0.000000 
1.852275 -0.345804 0.000000 
1.845318 -0.333576 0.000000 
1.838659 -0.322196 0.000000 
1.826152 -0.301712 0.000000 
1.814592 -0.283817 0.000000 
1.803817 -0.267972 0.000000 
1.788754 -0.247015 0.000000 
1.774444 -0.228485 0.000000 
1.760241 -0.211400 0.000000 
1.745608 -0.194948 0.000000 
1.730447 -0.178986 0.000000 
1.714768 -0.163538 0.000000 
1.698570 -0.148651 0.000000 
1.681806 -0.134455 0.000000 
1.664418 -0.121105 0.000000 
1.646166 -0.108684 0.000000 
1.626087 -0.096996 0.000000 
1.603038 -0.085773 0.000000 
1.585032 -0.078401 0.000000 
1.562309 -0.070934 0.000000 
1.531980 -0.063190 0.000000 
1.513060 -0.059158 0.000000 
1.491156 -0.054987 0.000000 
1.465905 -0.050656 0.000000 
1.858011 -0.360918 0.000000 
1.850642 -0.347826 0.000000 
1.843596 -0.335649 0.000000 
1.836849 -0.324321 0.000000 
1.824178 -0.303940 0.000000 
1.812465 -0.286145 0.000000 
1.801547 -0.270399 0.000000 
1.786287 -0.249585 0.000000 
1.771796 -0.231194 0.000000 
1.757423 -0.214250 0.000000 
1.742625 -0.197943 0.000000 
1.727306 -0.182127 0.000000 
1.711479 -0.166825 0.000000 
1.695146 -0.152081 0.000000 
1.678259 -0.138025 0.000000 
1.660761 -0.124812 0.000000 
1.642411 -0.112527 0.000000 
1.622247 -0.100975 0.000000 
1.599124 -0.089891 0.000000 
1.581108 -0.082578 0.000000 
1.558579 -0.074959 0.000000 
1.528851 -0.066638 0.000000 
1.510447 -0.062089 0.000000 
1.489235 -0.057216 0.000000 
1.464879 -0.051969 0.000000 
1.862630 -0.355009 0.033333 
1.855541 -0.341761 0.033333 
1.848763 -0.329429 0.033333 
1.842277 -0.317945 0.033333 
1.830099 -0.297257 0.033333 
1.818846 -0.279160 0.033333 
1.808357 -0.263118 0.033333 
1.793688 -0.241876 0.033333 
1.779740 -0.223066 0.033333 
1.765878 -0.205700 0.033333 
1.751575 -0.188959 0.033333 
1.736728 -0.172704 0.033333 
1.721344 -0.156964 0.033333 
1.705418 -0.141790 0.033333 
1.688900 -0.127315 0.033333 
1.671732 -0.113690 0.033333 
1.653674 -0.100999 0.033333 
1.633766 -0.089039 0.033333 
1.610866 -0.077538 0.033333 
1.592881 -0.070046 0.033333 
1.569769 -0.062884 0.033333 
1.538238 -0.056296 0.033333 
1.518287 -0.053295 0.033333 
1.494998 -0.050529 0.033333 
1.467959 -0.048031 0.033333 
1.861090 -0.356979 0.033333 
1.853908 -0.343783 0.033333 
1.847040 -0.331502 0.033333 
1.840468 -0.320070 0.033333 
1.828125 -0.299484 0.033333 
1.816719 -0.281488 0.033333 
1.806087 -0.265545 0.033333 
1.791221 -0.244446 0.033333 
1.777092 -0.225776 0.033333 
1.763060 -0.208550 0.033333 
1.748591 -0.191954 0.033333 
1.733588 -0.175845 0.033333 
1.718056 -0.160251 0.033333 
1.701994 -0.145220 0.033333 
1.685353 -0.130885 0.033333 
1.668075 -0.117397 0.033333 
1.649920 -0.104841 0.033333 
1.629926 -0.093017 0.033333 
1.606952 -0.081656 0.033333 
1.588957 -0.074224 0.033333 
1.566039 -0.066909 0.033333 
1.535109 -0.059743 0.033333 
1.515674 -0.056226 0.033333 
1.493077 -0.052758 0.033333 
1.466932 -0.049344 0.033333 
1.859550 -0.358948 0.033333 
1.852275 -0.345804 0.033333 
1.845318 -0.333576 0.033333 
1.838659 -0.322196 0.033333 
1.826152 -0.301712 0.033333 
1.814592 -0.283817 0.033333 
1.803817 -0.267972 0.033333 
1.788754 -0.247015 0.033333 
1.774444 -0.228485 0.033333 
1.760241 -0.211400 0.033333 
1.745608 -0.194948 0.033333 
1.730447 -0.178986 0.033333 
1.714768 -0.163538 0.033333 
1.698570 -0.148651 0.033333 
1.681806 -0.134455 0.033333 
1.664418 -0.121105 0.033333 
1.646166 -0.108684 0.033333 
1.626087 -0.096996 0.033333 
1.603038 -0.085773 0.033333 
1.585032 -0.078401 0.033333 
1.562309 -0.070934 0.033333 
1.531980 -0.063190 0.033333 
1.513060 -0.059158 0.033333 
1.491156 -0.054987 0.033333 
1.465905 -0.050656 0.033333 
1.858011 -0.360918 0.033333 
1.850642 -0.347826 0.033333 
1.843596 -0.335649 0.033333 
1.836849 -0.324321 0.033333 
1.824178 -0.303940 0.033333 
1.812465 -0.286145 0.033333 
1.801547 -0.270399 0.033333 
1.786287 -0.249585 0.033333 
1.771796 -0.231194 0.033333 
1.757423 -0.214250 0.033333 
1.742625 -0.197943 0.033333 
1.727306 -0.182127 0.033333 
1.711479 -0.166825 0.033333 
1.695146 -0.152081 0.033333 
1.678259 -0.138025 0.033333 
1.660761 -0.124812 0.033333 
1.642411 -0.112527 0.033333 
1.622247 -0.100975 0.033333 
1.599124 -0.089891 0.033333 
1.581108 -0.082578 0.033333 
1.558579 -0.074959 0.033333 
1.528851 -0.066638 0.033333 
1.510447 -0.062089 0.033333 
1.489235 -0.057216 0.033333 
1.464879 -0.051969 0.033333 
1.862630 -0.355009 0.066667 
1.855541 -0.341761 0.066667 
1.848763 -0.329429 0.066667 
1.842277 -0.317945 0.066667 
1.830099 -0.297257 0.066667 
1.818846 -0.279160 0.066667 
1.808357 -0.263118 0.066667 
1.793688 -0.241876 0.066667 
1.779740 -0.223066 0.066667 
1.765878 -0.205700 0.066667 
1.751575 -0.188959 0.066667 
1.736728 -0.172704 0.066667 
1.721344 -0.156964 0.066667 
1.705418 -0.141790 0.066667 
1.688900 -0.127315 0.066667 
1.671732 -0.113690 0.066667 
1.653674 -0.100999 0.066667 
1.633766 -0.089039 0.066667 
1.610866 -0.077538 0.066667 
1.592881 -0.070046 0.066667 
1.569769 -0.062884 0.066667 
1.538238 -0.056296 0.066667 
1.518287 -0.053295 0.066667 
1.494998 -0.050529 0.066667 
1.467959 -0.048031 0.066667 
1.861090 -0.356979 0.066667 
1.853908 -0.343783 0.066667 
1.847040 -0.331502 0.066667 
1.840468 -0.320070 0.066667 
1.828125 -0.299484 0.066667 
1.816719 -0.281488 0.066667 
1.806087 -0.265545 0.066667 
1.791221 -0.244446 0.066667 
1.777092 -0.225776 0.066667 
1.763060 -0.208550 0.066667 
1.748591 -0.191954 0.066667 
1.733588 -0.175845 0.066667 
1.718056 -0.160251 0.066667 
1.701994 -0.145220 0.066667 
1.685353 -0.130885 0.066667 
1.668075 -0.117397 0.066667 
1.649920 -0.104841 0.066667 
1.629926 -0.093017 0.066667 
1.606952 -0.081656 0.066667 
1.588957 -0.074224 0.066667 
1.566039 -0.066909 0.066667 
1.535109 -0.059743 0.066667 
1.515674 -0.056226 0.066667 
1.493077 -0.052758 0.066667 
1.466932 -0.049344 0.066667 
1.859550 -0.358948 0.066667 
1.852275 -0.345804 0.066667 
1.845318 -0.333576 0.066667 
1.838659 -0.322196 0.066667 
1.826152 -0.301712 0.066667 
1.814592 -0.283817 0.066667 
1.803817 -0.267972 0.066667 
1.788754 -0.247015 0.066667 
1.774444 -0.228485 0.066667 
1.760241 -0.211400 0.066667 
1.745608 -0.194948 0.066667 
1.730447 -0.178986 0.066667 
1.714768 -0.163538 0.066667 
1.698570 -0.148651 0.066667 
1.681806 -0.134455 0.066667 
1.664418 -0.121105 0.066667 
1.646166 -0.108684 0.066667 
1.626087 -0.096996 0.066667 
1.603038 -0.085773 0.066667 
1.585032 -0.078401 0.066667 
1.562309 -0.070934 0.066667 
1.531980 -0.063190 0.066667 
1.513060 -0.059158 0.066667 
1.491156 -0.054987 0.066667 
1.465905 -0.050656 0.066667 
1.858011 -0.360918 0.066667 
1.850642 -0.347826 0.066667 
1.843596 -0.335649 0.066667 
1.836849 -0.324321 0.066667 
1.824178 -0.303940 0.066667 
1.812465 -0.286145 0.066667 
1.801547 -0.270399 0.066667 
1.786287 -0.249585 0.066667 
1.771796 -0.231194 0.066667 
1.757423 -0.214250 0.066667 
1.742625 -0.197943 0.066667 
1.727306 -0.182127 0.066667 
1.711479 -0.166825 0.066667 
1.695146 -0.152081 0.066667 
1.678259 -0.138025 0.066667 
1.660761 -0.124812 0.066667 
1.642411 -0.112527 0.066667 
1.622247 -0.100975 0.066667 
1.599124 -0.089891 0.066667 
1.581108 -0.082578 0.066667 
1.558579 -0.074959 0.066667 
1.528851 -0.066638 0.066667 
1.510447 -0.062089 0.066667 
1.489235 -0.057216 0.066667 
1.464879 -0.051969 0.066667 
1.862630 -0.355009 0.100000 
1.855541 -0.341761 0.100000 
1.848763 -0.329429 0.100000 
1.842277 -0.317945 0.100000 
1.830099 -0.297257 0.100000 
1.818846 -0.279160 0.100000 
1.808357 -0.263118 0.100000 
1.793688 -0.241876 0.100000 
1.779740 -0.223066 0.100000 
1.765878 -0.205700 0.100000 
1.751575 -0.188959 0.100000 
1.736728 -0.172704 0.100000 
1.721344 -0.156964 0.100000 
1.705418 -0.141790 0.100000 
1.688900 -0.127315 0.100000 
1.671732 -0.113690 0.100000 
1.653674 -0.100999 0.100000 
1.633766 -0.089039 0.100000 
1.610866 -0.077538 0.100000 
1.592881 -0.070046 0.100000 
1.569769 -0.062884 0.100000 
1.538238 -0.056296 0.100000 
1.518287 -0.053295 0.100000 
1.494998 -0.050529 0.100000 
1.467959 -0.048031 0.100000 
1.861090 -0.356979 0.100000 
1.853908 -0.343783 0.100000 
1.847040 -0.331502 0.100000 
1.840468 -0.320070 0.100000 
1.828125 -0.299484 0.100000 
1.816719 -0.281488 0.100000 
1.806087 -0.265545 0.100000 
1.791221 -0.244446 0.100000 
1.777092 -0.225776 0.100000 
1.763060 -0.208550 0.100000 
1.748591 -0.191954 0.100000 
1.733588 -0.175845 0.100000 
1.718056 -0.160251 0.100000 
1.701994 -0.145220 0.100000 
1.685353 -0.130885 0.100000 
1.668075 -0.117397 0.100000 
1.649920 -0.104841 0.100000 
1.629926 -0.093017 0.100000 
1.606952 -0.081656 0.100000 
1.588957 -0.074224 0.100000 
1.566039 -0.066909 0.100000 
1.535109 -0.059743 0.100000 
1.515674 -0.056226 0.100000 
1.493077 -0.052758 0.100000 
1.466932 -0.049344 0.100000 
1.859550 -0.358948 0.100000 
1.852275 -0.345804 0.100000 
1.845318 -0.333576 0.100000 
1.838659 -0.322196 0.100000 
1.826152 -0.301712 0.100000 
1.814592 -0.283817 0.100000 
1.803817 -0.267972 0.100000 
1.788754 -0.247015 0.100000 
1.774444 -0.228485 0.100000 
1.760241 -0.211400 0.100000 
1.745608 -0.194948 0.100000 
1.730447 -0.178986 0.100000 
1.714768 -0.163538 0.100000 
1.698570 -0.148651 0.100000 
1.681806 -0.134455 0.100000 
1.664418 -0.121105 0.100000 
1.646166 -0.108684 0.100000 
1.626087 -0.096996 0.100000 
1.603038 -0.085773 0.100000 
1.585032 -0.078401 0.100000 
1.562309 -0.070934 0.100000 
1.531980 -0.063190 0.100000 
1.513060 -0.059158 0.100000 
1.491156 -0.054987 0.100000 
1.465905 -0.050656 0.100000 
1.858011 -0.360918 0.100000 
1.850642 -0.347826 0.100000 
1.843596 -0.335649 0.100000 
1.836849 -0.324321 0.100000 
1.824178 -0.303940 0.100000 
1.812465 -0.286145 0.100000 
1.801547 -0.270399 0.100000 
1.786287 -0.249585 0.100000 
1.771796 -0.231194 0.100000 
1.757423 -0.214250 0.100000 
1.742625 -0.197943 0.100000 
1.727306 -0.182127 0.100000 
1.711479 -0.166825 0.100000 
1.695146 -0.152081 0.100000 
1.678259 -0.138025 0.100000 
1.660761 -0.124812 0.100000 
1.642411 -0.112527 0.100000 
1.622247 -0.100975 0.100000 
1.599124 -0.089891 0.100000 
1.581108 -0.082578 0.100000 
1.558579 -0.074959 0.100000 
1.528851 -0.066638 0.100000 
1.510447 -0.062089 0.100000 
1.489235 -0.057216 0.100000 
1.464879 -0.051969 0.100000 
